#Macho_id Sigma_B Sigma_B_comp Eta_B Eta_B_comp stetson_L_B stetson_L_B_comp CuSum_B CuSum_B_comp B-R B-R_comp label
1.3567.1310 0.422043469428 0.83444457473 -0.0162004840657 0.696210350662 3.95967339933 0.454527457725 0.413422101885 0.63934434842 -0.327593613933 0.790227812654 2
1.4176.155 0.472580875852 0.633163538681 -0.00896870129499 0.725289446377 3.18637389414 0.779436394685 0.399514373353 0.560656590116 -0.31936858006 0.981142916444 2
1.4410.291 1.49777318152 0.940957981883 -0.0102965930572 0.94320229223 1.28624815264 0.759748015541 0.22036577416 0.665146342399 -0.335273734177 0.946511882328 2
1.4413.373 1.93552585513 0.990164030556 -0.0210804912059 0.922711945517 0.578727730491 0.871523872471 0.125082882635 0.948805629241 -0.384619937695 0.935598991024 2
1.4530.136 0.352068815899 0.926675438138 -0.0106107564105 0.768619200867 2.78345148711 0.612875160615 0.413215030966 0.655350210608 -0.0433547351525 0.893128845218 2
1.4538.531 1.10863601964 0.960259263785 -0.012299122967 0.87579735925 1.19562887228 0.447351257114 0.303824208824 0.597402818003 -0.305772413793 0.944227966217 2
1.4653.105 0.715473841724 0.937601831953 -0.00556970191752 0.874387000629 2.22066195727 0.810598234332 0.351578290422 0.691997591432 -0.389451994092 0.970707556873 2
1.4659.335 0.996451945952 0.864983741337 -0.0058935136436 0.769368328101 0.711807821787 0.819874388852 0.262578523921 0.788081662735 -0.330604095563 0.842323406861 2
10.4279.1493 0.460746700125 0.966419719356 -0.00475621705454 0.926811720983 2.03258849714 0.679189489639 0.37223088447 0.768930838635 -0.19727672956 0.95257682793 2
11.8751.968 1.04293039123 0.933705962864 -0.038449994333 0.861099667163 0.811228428953 0.657721735336 0.281193647083 0.725357950678 0.372795786062 0.926206781459 2
11.9358.200 1.24498950841 0.981553440467 -0.0102127872444 0.895703029374 0.788586868816 0.91253517657 0.160576144842 0.791652544988 0.0403676222597 0.925270446656 2
11.9714.184 1.40990164251 0.990657406365 -0.0114771509564 0.991444981519 1.04319767592 0.933902299242 0.13822179437 0.859410740707 0.12234741784 0.991103176289 2
11.9720.68 0.511777913688 0.843902024731 -0.0075775379999 0.634004685396 6.09474845686 0.223506887751 0.411345205211 0.515638475035 -0.0631298245614 0.88767507072 2
12.10561.1161 0.903752282638 0.713079039998 -0.0111596110187 0.768410189744 2.03818235847 0.740789650433 0.338078004173 0.707049054473 -0.112760869565 0.875219530756 2
12.10684.267 1.72358827805 0.967279177371 -0.0118008611535 0.983746031418 0.49589107704 0.828326666771 0.121816002463 0.927718670547 -0.108118 0.959205352362 2
12.10926.76 1.53653217739 0.721534873731 -0.00790463802609 0.775873003703 1.14165573058 0.828850755863 0.182351930591 0.759106944778 -0.0733380855397 0.890101652265 2
13.6689.2365 1.24746315711 0.901935353595 -0.00706345535195 0.967723542082 0.791355271692 0.792055967948 0.212409653231 0.747628513457 -0.278 0.921169583484 2
13.6931.2479 0.46647966056 0.851781705626 -0.00879131528718 0.842655374433 2.44902913718 0.784261438754 0.41466531336 0.870440780771 -0.320700819672 0.826199792935 2
14.8493.39 0.153573665681 0.920278816861 -0.00997168447365 0.780414744308 8.10505352274 0.775128505097 0.447488266266 0.83256626219 -0.239594594595 0.797616913739 2
14.8622.3551 1.55662114907 0.908366567865 -0.00450862099491 0.95923343111 0.189067307117 0.891301784107 0.165034378422 0.88235746625 -0.493922201139 0.970906599296 2
14.8863.660 0.51853580665 0.797087999145 -0.00929374768586 0.577278246359 3.20561273187 0.642751054176 0.369814195816 0.735579257041 -0.238246212121 0.975877763696 2
14.9587.87 1.08551587981 0.949794977405 -0.00910698629691 0.924518754808 2.91913520287 0.786130959498 0.255607596871 0.772936167133 -0.160853932584 0.852956967883 2
17.2102.357 0.873324453754 0.830587383514 -0.0149365965032 0.979547383223 1.02536289717 0.754138228029 0.296901504083 0.777282229125 -0.477813664596 0.820275934883 2
17.2105.71 0.459976999489 0.839053987451 -0.00624606229803 0.834466325913 3.30822476 0.763853422789 0.372487423796 0.842433450027 -0.272981617647 0.915609316917 2
17.2108.72 0.595347148749 0.929057793326 -0.00558097851496 0.899749948522 3.34842465725 0.785951291868 0.373441108511 0.85129105434 -0.1938828125 0.978309997407 2
17.2109.108 0.174009114717 0.889769594217 -0.0127014809058 0.782464790343 2.8962924189 0.869885688203 0.404952762771 0.883999458001 -0.366583657588 0.982187143273 2
17.2469.222 0.549312668762 0.806222502746 -0.0109128772954 0.761285686859 1.68433775459 0.664825140213 0.413317231002 0.664943506141 -0.332140684411 0.637669300656 2
17.3076.164 0.325549669614 0.613903289309 -0.0178481387711 0.789150409213 1.48491543425 0.692931813168 0.402703634417 0.459657524862 -0.480234782609 0.909943046113 2
18.2483.95 1.28847194616 0.941783243806 -0.00501198219958 0.967964786427 1.05405336588 0.88378492279 0.193095663624 0.670630027437 -0.188447941889 0.974568085017 2
18.3445.4646 0.770902716619 0.928040008645 -0.0147776168969 0.975407134096 1.61752978248 0.895860708672 0.356572106604 0.930219641675 -0.372334158416 0.966261325853 2
18.3446.4192 0.0813759111026 0.765848819426 -0.015878216088 0.63175686164 12.684446541 0.589840567657 0.458054225924 0.836370263236 -0.409468531469 0.87774814264 2
19.3574.89 1.44325375247 0.961158457005 -0.00318580277848 0.906303285228 0.747221868192 0.855289647726 0.148882819262 0.917487118081 -0.429464028777 0.938186567126 2
19.3817.109 1.20334205712 0.921363555457 -0.00429438645811 0.904175850484 0.826664187868 0.929274846243 0.136838786734 0.803372259742 -0.428307971014 0.972665524126 2
19.4306.88 1.73628958837 0.968987589966 -0.00865746740139 0.883499088254 1.19109438431 0.845000470341 0.200525673216 0.80899419118 0.0771266375546 0.961625758515 2
206.16717.81 0.231106873339 0.906617250305 -0.00594827157611 0.7496790233 7.04462423361 0.775433226796 0.334595988133 0.86756527479 -0.332398058252 0.824890119999 2
206.16943.1467 1.35553934252 0.930687438828 -0.00618942754264 0.992540987966 0.839587221095 0.844947640577 0.231676259658 0.900456923068 -0.427714570858 0.860342391296 2
206.17003.54 0.246707116436 0.931808199378 -0.0109564100603 0.891774611274 6.98896181967 0.807757326889 0.311917244649 0.883335231381 -0.0313951612903 0.939091773625 2
207.16253.210 0.518630251634 0.772662601426 -0.0126217416551 0.796261200087 3.27063355347 0.847937018379 0.372255228047 0.822786046395 0.469571078431 0.970985955568 2
207.16256.307 0.266782665817 0.981477483328 -0.0172983694197 0.883364621037 4.11806232473 0.853799610814 0.291078864125 0.691725644419 -0.0618994974874 0.984408876247 2
207.16259.243 0.30705344572 0.964828286792 -0.00900935238571 0.786227052302 2.81271480706 0.601923243469 0.393168703902 0.865853985934 -0.445466893039 0.863171410054 2
207.16309.362 1.55215978787 0.875838137496 -0.00834034045156 0.950918795908 0.268136076313 0.738802938157 0.173422934638 0.859930161529 -0.4519204947 0.782845245274 2
207.16369.202 0.339076141141 0.854614279922 -0.00671644128841 0.823518426144 2.71018589345 0.860495667259 0.372719241615 0.759443829833 -0.526827708703 0.878773365456 2
207.16370.107 0.261519554544 0.950897126528 -0.013331884854 0.899522546257 4.96429560258 0.830179052046 0.3135822896 0.695108183054 0.70745212766 0.923528149514 2
207.16483.111 0.13459000087 0.995170127255 -0.00737030732588 0.93535774833 6.57422895886 0.642492562956 0.401029514073 0.737874483597 -0.185446428571 0.960218671882 2
208.15912.448 1.45293505533 0.899356184201 -0.0204464056394 0.912160615862 0.816125083151 0.662483878368 0.172824456298 0.792429419804 0.692626736111 0.991246547151 2
211.16249.191 1.15754853115 0.982974573187 -0.0115553366304 0.942402094772 1.14868753877 0.759796680763 0.28561955449 0.688045059267 -0.185628647215 0.981137595333 2
211.16301.73 0.225763421466 0.841606834254 -0.00844861536609 0.910680840935 2.43766178279 0.811689462708 0.393999418676 0.889344673276 -0.483101827676 0.890968694068 2
211.16419.222 0.892956540137 0.976907852023 -0.0123936796239 0.966766069338 1.40911224089 0.836295859465 0.184100518496 0.797746640541 0.415431067961 0.948829320435 2
211.16538.130 0.452772149332 0.869317931365 -0.00495130446096 0.655198985513 1.79556710265 0.650201965884 0.355186754957 0.75857515995 -0.359939203354 0.926681999716 2
211.16591.58 0.96477410889 0.972159005745 -0.010212681602 0.966021343137 2.02954389058 0.89859376587 0.208823971464 0.808432686697 1.04928977273 0.988225574052 2
211.16766.157 0.538766387709 0.609382262636 -0.0169849022405 0.763201344452 1.28596235103 0.674509343045 0.388067816754 0.524974659602 -0.455378205128 0.983309014924 2
211.16816.33 0.33578987695 0.95173984546 -0.0111543090659 0.802689204429 3.49851962088 0.717928471967 0.418517651441 0.723451753194 -0.475967213115 0.982865358441 2
212.15675.121 0.428344135839 0.579361058022 -0.00797354347895 0.965229325596 3.28466814082 0.783415661965 0.379599131443 0.65292773393 -0.0575620437956 0.944607020138 2
212.15681.412 0.0801163704951 0.874545997348 -0.0763204505569 0.845193478513 5.59979847035 0.718283831288 0.392705583091 0.911288931339 0.380203180212 0.97408786776 2
212.15734.4938 0.598571139821 0.841802249839 -0.027233052272 0.981670829402 -0.867331996219 0.771486763554 0.195174918543 0.922707240963 0.559029668412 0.898530672411 2
212.15790.340 0.550332986908 0.671677123482 -0.00780619672381 0.878987539639 1.08340224634 0.592683113954 0.310077419564 0.671837213485 0.24294137931 0.896548138448 2
212.15843.58 0.242039976348 0.838336762862 -0.00781057912897 0.96506161317 -1.2040827931 0.750410592503 0.398876557029 0.807315243773 -0.310169340463 0.915882482905 2
212.15851.175 0.159738331265 0.936523973723 -0.00907741382536 0.903750353754 3.03909949875 0.910681769724 0.421721499485 0.919301628357 1.51270565302 0.752910179363 2
212.16020.57 0.0648748637581 0.873473672339 -0.0101332115315 0.791781039717 -2.92173995771 0.776453572655 0.439320249361 0.659365284874 -2.69442434783 0.780577364473 2
212.16071.186 0.786387721608 0.906259850759 -0.00848151118166 0.90308271415 0.0241116907436 0.782618316392 0.306361800072 0.907848934044 0.716586142322 0.759066723612 2
212.16076.102 1.45409164119 0.914141434106 -0.00608383564251 0.969842357095 0.842193470948 0.704206956812 0.198215028142 0.78667062362 -0.9024 0.719289228482 2
212.16076.3964 1.38268648524 0.934884641563 -0.0149638022628 0.964910731224 0.0817093312075 0.784679362618 0.171767724042 0.803198943124 -1.75483612663 0.885036361736 2
213.15561.115 0.203712997375 0.871146824412 -0.00680798612912 0.778809646115 -1.04664667932 0.635786145162 0.364242865208 0.860089202292 -0.546236472946 0.704695648093 2
22.4873.3357 0.472272754075 0.930478696008 -0.00601025680358 0.853970972817 -0.345571455865 0.670422108639 0.394882411381 0.739275374647 -1.10011764706 0.827463659476 2
24.2740.150 0.430671550374 0.623038468354 -0.0129656275901 0.714694827014 1.12037575905 0.737695905734 0.383696396497 0.595717046723 0.949618834081 0.719931809627 2
24.2741.38 0.78376499185 0.955997816803 -0.0050340283538 0.909618823966 1.15074380191 0.810978191594 0.324800365189 0.566738719 -1.14716666667 0.876213167479 2
24.2853.51 0.228385896546 0.847094858997 -0.00814265955055 0.87939744561 0.448158948479 0.836375187811 0.296789682578 0.658254406183 -0.788966887417 0.699335148688 2
24.2854.74 0.377346836017 0.892219101802 -0.00885390154713 0.787951492639 1.82957442689 0.650593905048 0.389193618659 0.861765538097 -0.690355263158 0.872167585914 2
24.2854.92 0.128635418537 0.978816578033 -0.0105348133016 0.787771652121 1.09408668634 0.783821193757 0.434940741445 0.857524903616 0.136797356828 0.742976125496 2
24.2862.82 1.06406340753 0.960449720649 -0.00448478867207 0.931987209318 -0.30931554156 0.801053556753 0.121616064639 0.526757691864 -0.170371584699 0.814978600911 2
24.3105.48 0.11442787019 0.940873561689 -0.00873343586571 0.838491012342 3.58640279329 0.786824967284 0.420829522055 0.894274970432 -0.63287012987 0.922281384794 2
5.4652.8060 1.29270414636 0.965589364383 -0.00612401460219 0.993753583042 0.288194645833 0.864333021321 0.0961256960966 0.577058644974 0.027351687389 0.930984267628 2
53.3362.75 1.06058739839 0.912544655144 -0.0133983275737 0.797237648702 1.63588841258 0.159496458553 0.357561480497 0.169834531381 -1.90435 0.750098486035 2
55.3367.61 0.325000872344 0.926946230899 -0.00821364082642 0.789174190811 -0.156051950787 0.514883207189 0.43176442449 0.823501805162 -1.35019337017 0.670051985255 2
55.3488.113 1.26583910091 0.97944952273 -0.012903727261 0.965404860941 0.635557367636 0.659899431147 0.242702959993 0.79500783816 -0.991968253968 0.70997894594 2
60.6984.54 1.95804687063 0.963048972459 -0.00392174465677 0.815678903543 0.493778496153 0.586980050089 0.155164438914 0.664953191987 0.631617449664 0.891504690853 2
60.6990.36 0.535247611429 0.940610818691 -0.00317890781386 0.93044286503 -0.847830541388 0.495447714111 0.297261730926 0.305422924408 -1.07325757576 0.839583172795 2
62.6636.1755 0.46491222168 0.912958779317 -0.00356372475581 0.848538364186 4.78865337977 0.800318303754 0.404503505787 0.840292026143 -0.534857954545 0.725077064716 2
62.6749.2315 0.24662295454 0.883534523085 -0.00764628479079 0.549650363709 -0.221308248434 0.777849382846 0.421969257633 0.599286369811 -1.51600966184 0.662278592119 2
7.7180.314 1.08314043803 0.86558862631 -0.00803349357984 0.964843091352 -0.0543320190602 0.739198202172 0.276388379573 0.791197636393 0.036998603352 0.847752726404 2
7.7662.182 0.849443062745 0.983832629442 -0.00669831969117 0.979987822243 -0.784757441475 0.620454535258 0.194958107279 0.857040127524 -0.666360946746 0.903191401468 2
7.8387.210 0.905492216381 0.965513549559 -0.0150008823713 0.714256462804 0.661814203738 0.679247764267 0.323762277311 0.657782226281 0.554165697674 0.971924988932 2
7.8389.147 0.322532513132 0.972617196221 -0.0210854821354 0.869482770452 0.155862645915 0.786620583146 0.372834109347 0.78787356591 -0.516369369369 0.938800446559 2
78.5860.310 1.05307351341 0.967406539131 -0.00758126628796 0.935172796703 0.973853367844 0.582577368149 0.30743987893 0.934189523845 -0.438360220994 0.952439629001 2
78.6100.453 0.684018347295 0.956016405973 -0.0106910686842 0.856266419553 -1.7625336675 0.690890111082 0.343272068239 0.706086937157 -0.539913870246 0.827114010352 2
78.6342.306 1.31860716066 0.930423623968 -0.0148683731051 0.963840558886 -0.017913048122 0.613472730752 0.185466114121 0.779794872031 -1.0543019802 0.962717173522 2
78.6827.881 0.619633615885 0.983708498631 -0.0465087262927 0.931159948911 0.580861006226 0.651678302149 0.271015448863 0.802974852146 1.56094430993 0.916416800904 2
79.4655.4750 0.72838047737 0.976134449826 -0.0161433828721 0.955650660592 -0.158755847197 0.947112132506 0.294219108547 0.976262121529 0.782140419948 0.910381803388 2
79.4656.3643 1.29777223109 0.922140446549 -0.0436994675178 0.943258165191 0.600171551541 0.799482640399 0.211867859806 0.842858756167 0.588146788991 0.947581430642 2
79.4772.148 0.490640872199 0.879853419542 -0.00665001497001 0.874328274206 1.28140178346 0.813971977946 0.394451954758 0.587135856913 -0.63830806846 0.80666004767 2
79.4898.216 0.693901929622 0.91460687324 -0.00771618157061 0.920508576057 0.653404190189 0.860948165468 0.338319054371 0.896657028194 -0.902833753149 0.94404584482 2
79.4900.413 0.55074900497 0.854407269605 -0.0150702106576 0.831084330537 -0.431434710555 0.938618399763 0.347403595955 0.872203575271 -0.0490757381258 0.855305260797 2
79.5377.288 1.32347352683 0.953110611108 -0.0061519394887 0.876304290874 -0.981764230602 0.891642117838 0.184373546315 0.876036079167 0.578068427371 0.877580713816 2
80.6708.5218 0.829627553654 0.9662622721 -0.00808551658355 0.941239935471 0.280653080571 0.920071221416 0.234851441823 0.8971734433 -1.13121223471 0.937701329897 2
80.7071.3521 1.37276811908 0.971473119238 -0.0230327792922 0.975671766554 -0.142546559574 0.704960608054 0.187205070443 0.839631043697 1.90702305825 0.907237127319 2
81.8519.234 1.41870269749 0.889208404771 -0.0112673953635 0.98155478991 -0.306708500968 0.799780560478 0.177665533443 0.821860166551 0.220651205937 0.860416515347 2
81.8520.155 0.423712694915 0.969707252154 -0.00793733707042 0.979058468233 1.62338268904 0.608777585238 0.383559603044 0.745010398951 -0.706011385199 0.936744176226 2
81.8756.399 0.953517604179 0.660324072147 -0.0166130426003 0.901236746818 -1.20010622264 0.48755167497 0.352989778684 0.382273289591 0.329078947368 0.758260527058 2
81.8884.125 0.60328555002 0.891273869217 -0.00562205517956 0.662263254706 1.69386637564 0.533486547355 0.381658259677 0.739834408944 -0.648646946565 0.761237581806 2
81.8885.145 0.774970297104 0.78293572958 -0.00605990056716 0.836925465058 0.665248417082 0.677344951115 0.326865819278 0.653736648889 -1.2901375969 0.711461008276 2
81.9361.377 0.210200242542 0.916415164479 -0.0332573429712 0.832465449193 2.56778634989 0.758262627875 0.395755423079 0.883328343762 0.960335834897 0.749309754904 2
81.9362.110 0.326945606196 0.901391767875 -0.0168325120517 0.670221851415 2.74904892089 0.339223708934 0.422432151762 0.657478136484 -0.438333333333 0.837763357743 2
9.4270.31 1.02216241332 0.969985207671 -0.00426426709265 0.859083768491 0.340702522499 0.837327735544 0.142530493104 0.75023834362 -1.7791574344 0.800923811866 2
9.4512.139 0.717008537924 0.936265502042 -0.00752937069814 0.967393122451 2.76938449887 0.532201061725 0.340869122274 0.580634639695 -0.158667247387 0.751575528553 2
9.4520.158 0.414257793951 0.882931987914 -0.00756878861699 0.633407392533 0.566886035945 0.542229904755 0.43179605774 0.555985391687 -1.93494207836 0.95620273766 2
1.3441.15 1.0696281902 0.956945405556 -0.0295410665663 0.993767039758 3.01299457815 0.912429100815 0.0708479163541 0.912963373665 -1.312345 0.989069365049 3
1.3441.45 2.30942292063 0.973485480594 -0.0290633685224 0.982471878524 -2.80356134163 0.912402304858 0.0413779877143 0.910596896555 0.225482384824 0.980471296185 3
1.3443.26 2.14930222414 0.989430000342 -0.0188206390242 0.988579257454 0.86647072767 0.930716501329 0.0502924398703 0.89238370534 0.0669892761394 0.982751200785 3
1.3443.30 1.93748040295 0.977046685225 -0.0198213770739 0.969825855916 -1.02805134324 0.919625854116 0.0402410895986 0.962918973107 0.0314513274336 0.982313360215 3
1.3447.36 1.80610061039 0.965812209175 -0.0285630885133 0.99450584252 0.575372279546 0.959250511497 0.0494654326122 0.918532311773 1.80186377246 0.994375358764 3
1.3448.13 0.65443862322 0.98836608137 -0.0281088417657 0.9859441985 -1.4953678619 0.888753253058 0.0738093638735 0.869157408947 -1.59045482389 0.983097688919 3
1.3449.62 1.55267178165 0.977279703808 -0.0239762169166 0.980264534717 -1.11301812122 0.692357197391 0.0881022324941 0.722696528328 -0.024785 0.962564820555 3
1.3451.33 1.68930820368 0.991408273158 -0.0254503223809 0.991687927892 1.02686313399 0.919545098469 0.0567617834197 0.922557807356 1.13985601578 0.926204995422 3
1.3451.9 1.68396613739 0.979662692613 -0.0210226603211 0.903009111777 0.533456591033 0.672528686101 0.0734883011948 0.89173970828 1.16289473684 0.959010219492 3
1.3562.12 1.07986379803 0.964604951397 -0.0190327252605 0.993796606197 0.679414083517 0.838493744471 0.085670397674 0.897469016652 -0.356797029703 0.955629276347 3
1.3563.34 1.90747304685 0.93196442255 -0.0217273368529 0.949529804796 -2.9525433512 0.749689791309 0.125223762787 0.706777706203 -0.315755208333 0.895838117982 3
1.3565.47 2.00249534106 0.964788768598 -0.0275163751449 0.980889535345 -0.195801271486 0.792042023958 0.0774112703427 0.780398849412 -0.364802030457 0.982095948644 3
1.3565.87 1.98695979531 0.965479508645 -0.0134519779155 0.996695135345 0.0166327639346 0.930860368943 0.0592048117033 0.924423786577 0.00656049004593 0.994468666141 3
1.3567.1010 1.89547644688 0.972778980323 -0.0252084293646 0.988570729115 -1.19668972825 0.781588477543 0.0429252596369 0.923870318377 1.24423751891 0.978588977789 3
1.3570.29 2.03651530155 0.961760011772 -0.0151385083604 0.994357084463 1.06362188318 0.914704514058 0.0424990023375 0.951541275986 -0.210148036254 0.989275783218 3
1.3570.32 2.03720196115 0.972900698089 -0.0248157256356 0.987192703685 1.14597867997 0.878024370122 0.044836592074 0.937169567479 0.678673684211 0.982354486003 3
1.3571.25 2.0454071336 0.982256081722 -0.00813100411946 0.988097062793 -1.11438881661 0.920549743566 0.0523064113772 0.922640901779 -0.172840909091 0.980971689862 3
1.3571.31 2.0115656884 0.977901593465 -0.029541994654 0.993731094554 -0.103500572352 0.928936543406 0.0373347235157 0.904354200392 0.03375 0.975666940137 3
1.3572.23 2.25415713025 0.975940644959 -0.0461855648774 0.991250687988 0.780969889236 0.865616399751 0.0480577001546 0.857323956671 0.58643989071 0.989432348473 3
1.3683.25 2.47927453566 0.980506296966 -0.0165639748923 0.976429957648 -2.96563752697 0.937263801876 0.0381254725849 0.856613198886 -0.163978319783 0.965687165624 3
1.3685.41 2.27500438604 0.864802532041 -0.0335048358428 0.96111196799 0.587242575641 0.951314036103 0.0583723293095 0.849117855052 2.25014945652 0.985200431361 3
1.3686.7 0.503273572904 0.994855417236 -0.0341228828295 0.985718047724 3.45241165686 0.955959199773 0.0662398357055 0.929378790845 -0.428054794521 0.973794664894 3
1.3689.21 0.686638346278 0.993679776047 -0.0146845272009 0.987983453479 1.87258428412 0.917069546711 0.0485994222935 0.906426292468 -0.520387724551 0.976340456942 3
1.3691.19 1.98627897638 0.959430036444 -0.0180513006817 0.996367396958 1.47824313175 0.936676975669 0.049689443307 0.934926346004 -0.309830075188 0.994964965012 3
1.3691.32 2.09210524728 0.966353295146 -0.0166782951155 0.997952809802 0.664286912429 0.862090249337 0.0597627677965 0.940455025405 0.187635258359 0.967017209522 3
1.3691.37 1.87723765147 0.977460535331 -0.0223060964104 0.977237091809 2.3449796726 0.930809365005 0.0285417094643 0.842281053269 1.67424242424 0.987071421248 3
1.3692.16 0.656483382281 0.983012852486 -0.0315740635056 0.991259434703 -4.81782822695 0.900819312906 0.0546578526561 0.95310986039 0.160039097744 0.986671068254 3
1.3692.17 0.653848491457 0.992547212407 -0.0251266229092 0.987852413589 2.78109849703 0.960646339964 0.0517388903902 0.883808363546 -0.515520547945 0.990841207847 3
1.3693.11 1.83229715934 0.982856537971 -0.0137219378758 0.992890178118 1.95401316327 0.905593393582 0.0557302122479 0.922536123101 -0.0183476821192 0.995787071523 3
1.3804.26 1.76586365244 0.966347407694 -0.0220470372418 0.986684981446 1.04365521774 0.934236829811 0.0418281009425 0.940265788828 -0.464500789889 0.976075525245 3
1.3805.47 1.96426664657 0.969483755639 -0.0193660711987 0.979012220722 0.321411711056 0.914406169191 0.0491736448762 0.883901637554 0.380485981308 0.962348893305 3
1.3807.24 2.11094486848 0.979847434974 -0.0179847727974 0.99533416538 -2.53657003823 0.899086030451 0.043269053244 0.934696964498 0.731987566607 0.986666632918 3
1.3808.12 1.07939591541 0.973421707256 -0.0239733540255 0.990525826094 -3.13116087763 0.940607414929 0.0509233144613 0.883095439619 1.0591553719 0.978608461323 3
1.3809.937 0.701365291932 0.99547978362 -0.0291067422464 0.986558100163 -4.31946521532 0.888993781119 0.0635200702067 0.952443275187 0.228787831513 0.990346692417 3
1.3809.938 1.4232643833 0.944956769813 -0.0158439228105 0.997817972759 -0.806666276816 0.880515178799 0.0357704374261 0.952670457897 0.974866242038 0.987599800094 3
1.3810.11 0.525769565255 0.996615925833 -0.0362087890022 0.982704587546 0.634603843724 0.944824731903 0.0920145917581 0.952732916271 -0.388159264931 0.941682144394 3
1.3812.15 0.788333152286 0.98991810739 -0.0226650003626 0.988256480224 -1.7596824503 0.936637278443 0.0553511054731 0.93561255378 0.00256948640483 0.991722016277 3
1.3812.18 0.962013188028 0.979312442091 -0.0174674091701 0.991224757435 2.31985260116 0.931109318465 0.053205306664 0.966574462426 0.642688622755 0.966626651329 3
1.3813.7 1.32133413478 0.933568600664 -0.0122279724464 0.987624164382 -0.918744454374 0.888591672354 0.0605905199223 0.94521649682 -1.05700980392 0.979747709275 3
1.3927.29 1.80497975309 0.970321074145 -0.03415843036 0.997838156745 -1.1068361376 0.961282691594 0.0304848912287 0.91245787122 0.0475263157895 0.994960243987 3
1.3927.46 1.90603786511 0.963905213962 -0.0250928717263 0.995261606527 0.543302561686 0.939341106433 0.0358301027318 0.922674041936 0.0711815384615 0.99121602578 3
1.3927.58 1.88365250667 0.980259909124 -0.0259516975321 0.997041338504 0.367331632258 0.892352370671 0.0529961064123 0.806221377149 0.903048929664 0.970267642388 3
1.3928.26 1.87333474385 0.979071950491 -0.014674811134 0.990476784828 0.415160661514 0.9416549065 0.0515671096418 0.918418867099 -1.33620671378 0.986705125181 3
1.3929.107 1.99685294408 0.966550855266 -0.0339370806613 0.98540236331 -0.646462759204 0.949601766638 0.0522175698648 0.95275937803 0.89934992224 0.981434305852 3
1.3933.64 1.86908680508 0.973419241092 -0.0225497750705 0.994028082257 0.775463252863 0.826393701626 0.0346257276081 0.914950325033 0.542286163522 0.984730848333 3
1.4046.1615 1.91940155907 0.968522210416 -0.0277698982066 0.993846475543 0.387016258427 0.920881773789 0.0420885879394 0.914082891151 0.182704 0.985591569534 3
1.4047.1441 1.91107902018 0.983829626781 -0.037070025127 0.987538905707 -0.659510870996 0.903943708405 0.0300643645634 0.888004459013 -0.580479938272 0.978632282821 3
1.4048.28 1.91178421675 0.956109615985 -0.0105401441876 0.986344223514 -0.616533361353 0.893029389259 0.0337111077196 0.920031146871 2.24022926094 0.982542328911 3
1.4048.6 1.24039100216 0.981906567532 -0.0320429463767 0.994684482578 -0.346313369141 0.949204237295 0.0513193747991 0.887754268224 -1.15180769231 0.950270552611 3
1.4049.1534 2.11162546676 0.933941978898 -0.0201740664317 0.995136927757 -0.0244705383041 0.837848504483 0.0608393139316 0.95710318776 -0.795071315372 0.985468260012 3
1.4052.55 2.36528938609 0.962586077696 -0.0227337259578 0.985760754879 0.0158858280812 0.941892811195 0.0385966058425 0.87716197061 0.218950693374 0.982133349983 3
1.4053.53 2.11558014882 0.968562357808 -0.0151184539942 0.995164519862 -0.545527764144 0.956410215029 0.0775542173227 0.897746744705 2.24977160494 0.992561691891 3
1.4054.15 1.07141514841 0.994641358212 -0.0240595736657 0.992810627287 -0.65337452501 0.929306567367 0.0385771890427 0.898658938573 -0.427994680851 0.989343600051 3
1.4055.2227 1.79554265154 0.96827514396 -0.0285979055268 0.989217655235 -4.32351983888 0.900415206921 0.0414433916205 0.925790203199 0.131470703125 0.97582191977 3
1.4171.24 1.56486013941 0.980274251769 -0.0338522674254 0.995212923167 -0.311582605377 0.672782375807 0.0370412564261 0.893533886105 1.10054488189 0.976724265035 3
1.4175.14 1.47461434602 0.97694166223 -0.0100210680326 0.960864728411 0.623035937249 0.923930845357 0.0853977142567 0.938447393528 -1.11546893491 0.973233246508 3
1.4176.34 2.10738664757 0.966996605522 -0.012413419325 0.969554686435 -0.0223665950967 0.882253352149 0.0454176938174 0.907744524359 0.151786046512 0.993433201286 3
1.4289.25 1.62287809958 0.988689907015 -0.0231183114411 0.996859423681 0.13674951326 0.920643967742 0.0599711869226 0.958622852187 0.279438438438 0.974940579856 3
1.4291.35 2.15041878787 0.972190902926 -0.0176011307477 0.997634093793 -0.140783836856 0.945899783053 0.0408670953082 0.862288081694 0.242601246106 0.990325781295 3
1.4294.36 1.72182540824 0.988011315358 -0.0306484760261 0.991605537525 0.0543046670832 0.952628586995 0.0320755858716 0.944491230448 -0.496447328244 0.98912735908 3
1.4296.70 2.08854409906 0.925102823614 -0.00964267197789 0.952951390189 0.546190311583 0.907408764287 0.0805468146289 0.963286807841 0.715420588235 0.987094794126 3
1.4412.29 2.23001828026 0.921901286538 -0.0300963362274 0.989213621331 0.241880593098 0.933387526514 0.053699248984 0.861954111807 0.166649819495 0.982980450495 3
1.4414.42 2.18677757411 0.961718806774 -0.0175998500341 0.996901337372 -1.30987405163 0.885557420979 0.0498428993062 0.921033559456 -0.366210332103 0.928728474561 3
1.4415.55 2.19411620417 0.906626815976 -0.0140154929531 0.989302373853 1.070465894 0.800426221333 0.0625992370463 0.915792864976 1.16100958466 0.987693795464 3
1.4417.13 1.63097810577 0.983337513875 -0.0346334693299 0.991863927252 0.269901894852 0.952217588139 0.039637241208 0.93113768368 -1.74675951294 0.992752213461 3
1.4531.168 1.6171953871 0.979315991035 -0.0857617139383 0.992796351913 -0.5094715048 0.874072498621 0.0915429614445 0.862472710112 1.35605308219 0.928941338606 3
1.4531.99 2.01812133647 0.970067908171 -0.0155775958182 0.983568385017 -0.152123524374 0.894501207626 0.0553245383464 0.881254172969 1.62775256223 0.972429650159 3
1.4532.66 1.92412169577 0.979312278781 -0.0268062012061 0.99771567041 -0.0150460838446 0.94179114979 0.0466649517587 0.947953277275 0.814042028986 0.994280254598 3
1.4534.23 1.55970368279 0.9875992666 -0.01023563866 0.991953855705 -0.0460643831212 0.862579379818 0.0440007425201 0.930104664523 -0.286208333333 0.977410743383 3
1.4534.33 2.02140094262 0.978231427452 -0.0319551940879 0.997463112054 0.0705913609575 0.937847858205 0.0393433598707 0.948641925623 0.373260233918 0.986973329333 3
1.4534.48 2.229066246 0.979864492695 -0.0188147276397 0.988387589236 0.772470447574 0.886689821849 0.0858484384886 0.940194413862 0.0221283783784 0.982020052169 3
1.4539.77 1.93761798378 0.970946751668 -0.0321276385696 0.989711873885 -0.190127020462 0.857435030647 0.0502745806044 0.883541315132 0.237597243492 0.947168262287 3
1.4652.42 2.19680664998 0.953369287004 -0.0177915742599 0.997680748761 -1.32308213569 0.767695699201 0.0395243758273 0.952265236913 0.275125915081 0.996688220692 3
1.4653.29 1.86091304398 0.991052838317 -0.0271151949643 0.992999011878 -1.07291084741 0.906550139602 0.0332458366532 0.925376485322 0.0750925925926 0.994828437852 3
1.4655.46 2.2946242542 0.965064354765 -0.0203006862551 0.941162774024 -0.0290738005958 0.788723504798 0.0436350994909 0.900510054673 0.463903703704 0.980764497989 3
1.4657.37 2.45622781999 0.979009964485 -0.0119208994243 0.963603747027 0.230541212556 0.916378440097 0.101890191577 0.869064240156 0.784451724138 0.978813130399 3
1.4659.63 2.25856907462 0.974349710941 -0.034714983776 0.991593260268 -9.85423042388 0.879864443069 0.0648554323117 0.913553573709 1.29834732824 0.973848006971 3
2.4662.12 2.14314031675 0.963152373432 -0.0234390723249 0.989309562973 0.446813805614 0.956483269574 0.0433181310911 0.898203997159 0.139038997214 0.986911024821 3
2.4785.21 2.38161793211 0.97028904381 -0.0300388105985 0.989203540868 -0.0300169500848 0.941002960145 0.0268963927768 0.86787238024 -1.26329107981 0.947140752139 3
2.4788.82 2.1333317344 0.972671097385 -0.0183258930803 0.992729345149 -0.195534568339 0.895847569554 0.045115318491 0.89694199049 1.01527684564 0.991260929905 3
2.4790.48 2.27523075122 0.939091348722 -0.0307307702779 0.994599878028 -0.876372661848 0.904728668073 0.030752382639 0.968846892207 1.38749268293 0.992098015172 3
2.5026.16 1.54918095059 0.976935047797 -0.0277942296049 0.993683743547 -2.24651716025 0.96406041358 0.0485281464731 0.881066906467 -0.236419093851 0.971886156034 3
2.5027.10 1.96486831059 0.984369127446 -0.0362479823168 0.993289238366 -1.03650425663 0.935225010456 0.0276781114233 0.908977298252 0.198339622642 0.991796080373 3
2.5144.4495 2.2173370203 0.98878984714 -0.0324719104565 0.985140822803 -0.100891452366 0.945625520321 0.0401124564432 0.935410034317 -1.5974023569 0.996482578749 3
2.5148.126 1.99257244081 0.986514155008 -0.0189598341606 0.72729513789 -0.975838147465 0.895651416455 0.0455473725635 0.92864904295 1.28511055276 0.975425346255 3
2.5148.29 2.34614477298 0.9571737176 -0.0315731333268 0.995299969199 1.73969042153 0.924719453148 0.0405693448265 0.91313678612 0.47541512605 0.984362872046 3
2.5265.3739 2.0718546055 0.969089527716 -0.0322513181288 0.979708489841 -1.38375486678 0.757944339697 0.0522300850851 0.89531142276 0.134573943662 0.971277124548 3
2.5268.1302 2.36750323298 0.965267665512 -0.0401130514343 0.989461484246 0.276376040096 0.945247217753 0.0343643644645 0.889224630941 -0.732520833333 0.987415421594 3
2.5268.1328 2.35598464921 0.92561864234 -0.0352480443532 0.940583659373 1.77722396738 0.876841995001 0.0567973868362 0.85274534804 1.35338769231 0.981908656827 3
2.5270.1994 2.25034346106 0.978451715688 -0.0306729701772 0.978928703436 0.0351595086387 0.904015707318 0.0577452864204 0.884115645684 0.0719176755448 0.982137402363 3
2.5386.4437 2.30806552079 0.967115689113 -0.0115807527228 0.982421439612 1.01552638626 0.893013399177 0.056899623535 0.887645814292 0.393688995215 0.991754564061 3
2.5390.43 2.33947305125 0.960851600505 -0.0429347251152 0.995522790644 -2.57248122381 0.951663653305 0.0317991862306 0.945731658582 1.12534894992 0.989429457305 3
2.5509.20 2.08662992 0.918374035035 -0.0140937203497 0.994804907372 -0.327734270816 0.954001160992 0.0595370484349 0.945541098189 -1.622375 0.984843639018 3
2.5510.52 1.58764186294 0.968707223484 -0.0173716733121 0.991996845624 0.332682674855 0.929957558575 0.0423435276937 0.948008404311 1.44153010033 0.984670944504 3
2.5628.4390 2.0555152596 0.972178306579 -0.0329737679942 0.994204697008 -0.30832951184 0.906329101123 0.0286441138037 0.845608212171 -0.524520391517 0.991252634016 3
2.5631.44 2.32207214535 0.975134030542 -0.0178544954173 0.992915992489 -0.0378666986907 0.89257630938 0.0225778242123 0.947205754165 0.784543513957 0.984018762562 3
2.5750.1942 2.16626955385 0.977316769241 -0.0154462571652 0.913429076945 0.261029352589 0.95534112532 0.0579382035072 0.87032416895 0.106277467412 0.953975958553 3
2.5750.1943 2.23010215324 0.972279082678 -0.0257719474788 0.986306484433 -2.02755128602 0.939578536918 0.0698829519574 0.836137396412 0.115155405405 0.972092526837 3
2.5751.44 2.02269670582 0.979054808491 -0.0472852140321 0.990434545408 -0.507998432317 0.938865378361 0.0766898020814 0.836600363697 0.863688888889 0.974860567283 3
1.3325.93 1.63449077284 0.986092557186 -0.0404268035976 0.989284359741 -0.144362750365 0.83225904959 0.0758509879746 0.903815058906 1.48949152542 0.989647479868 4
1.3442.172 1.43166531263 0.958856945686 -0.0165451187544 0.973307742008 0.176717211428 0.797630996542 0.0755404131548 0.909061448848 -0.749336633663 0.982699065657 4
1.3442.233 1.75346451666 0.909808296387 -0.0359712804902 0.970824774161 0.236901196994 0.812057210821 0.0903105945528 0.913899417044 -0.01262 0.988117825392 4
1.3443.177 1.90332844705 0.974948841997 -0.00838198216558 0.972662231667 0.109760504909 0.938152905206 0.0618555568195 0.872810282793 -1.68004773869 0.982566475297 4
1.3444.1086 2.03950909129 0.982359265626 -0.0423819265045 0.952756441186 0.172124158822 0.857500859008 0.0525565611573 0.875711360947 -0.0597810945274 0.979351990879 4
1.3444.614 1.4444089045 0.968065082621 -0.0232285400777 0.985614315781 0.289172586408 0.813782927456 0.0678117998986 0.949749696558 -0.564427872861 0.974137097086 4
1.3444.880 1.81546185499 0.966976520617 -0.0239706435183 0.982157472073 -0.0393170750224 0.888479141266 0.101817803253 0.881322425698 0.541199501247 0.98841669412 4
1.3445.320 1.74637606184 0.979207180025 -0.0107327584573 0.967437240727 0.261587576774 0.834896924914 0.0482714738138 0.888129312154 -1.08256929955 0.934063494742 4
1.3446.1407 2.00880297025 0.977788974219 -0.0180010873832 0.987712628026 0.0884934302158 0.950027307018 0.0315604242501 0.819648046221 -0.459978134111 0.984186173008 4
1.3447.783 2.00289200688 0.987767843364 -0.0302425054664 0.993968736866 0.100500652004 0.957646079491 0.0672731075643 0.92941846896 0.866693113772 0.992177612033 4
1.3448.153 1.9489754555 0.98817660145 -0.00639436867143 0.991497722354 0.190872087913 0.903415276345 0.0524171880502 0.922369179707 -0.774618618619 0.994438709949 4
1.3448.294 2.05748936428 0.974801099885 -0.0122538326499 0.975463146647 0.22550844934 0.957771009112 0.0553598348757 0.915300723734 0.0450737327189 0.979696184708 4
1.3449.149 2.22861206895 0.98110836042 -0.0108044135132 0.990056263091 0.813007980559 0.944045455011 0.0446319006708 0.867250896001 1.50980669711 0.978880412206 4
1.3449.27 1.94142301387 0.900566036039 -0.0120261907229 0.977654917228 0.404898661539 0.948727517081 0.0782520309109 0.903665136698 -3.83152079867 0.989439287567 4
1.3449.948 1.91769104308 0.97725009828 -0.0376041254483 0.962634486271 0.586296354073 0.890587841937 0.0556685003174 0.901831770879 2.87129476584 0.942241810427 4
1.3562.57 1.86008797604 0.985238579767 -0.0120323973643 0.970607007415 0.0195802793952 0.908745555848 0.0772423620077 0.867810543773 -1.44793311037 0.885939408772 4
1.3564.163 1.97357391841 0.985375419206 -0.00830500973367 0.90929273872 0.0551094838039 0.877654232044 0.0489425897831 0.888145585319 -1.61132315522 0.987049407589 4
1.3564.516 1.96724512024 0.955905536209 -0.0149860684034 0.963638730567 0.114499873543 0.877919305084 0.0533175393548 0.790263385426 1.47074807198 0.981808252654 4
1.3565.99 1.95236641146 0.980231762696 -0.0109101257101 0.975576591396 0.288943960216 0.895090890642 0.0896382554163 0.877912009873 -2.6426505102 0.971036370943 4
1.3566.1669 2.04422496666 0.915006675836 -0.0718945980826 0.880986518519 0.262715839293 0.563481605625 0.131563881455 0.439552275748 4.77470238095 0.961484711946 4
1.3566.24 1.772749395 0.922970667723 -0.00406089152626 0.987664858998 1.00044129994 0.86695154248 0.125118785446 0.884193685241 -1.553168 0.948315325272 4
1.3566.63 1.82821581737 0.977893663045 -0.00799020932015 0.977615282 0.117135730334 0.960766558393 0.0341258162456 0.938344780115 -1.71854179104 0.991183432446 4
1.3567.1118 1.86444563458 0.99182235911 -0.00802537302185 0.990593266538 0.0523461133904 0.909589754426 0.0582976605851 0.837900373054 -0.451432601881 0.981870375104 4
1.3567.1136 1.92068924871 0.989376228307 -0.0136519204501 0.988469732426 0.205665772061 0.95366368525 0.0585163258754 0.885236843777 -0.827138486312 0.975321480139 4
1.3567.1207 1.68093677914 0.987700805798 -0.0150787989343 0.971761124827 -0.0429729060996 0.959561337392 0.0601901463401 0.920699255531 -0.0944120300752 0.965157276205 4
1.3568.288 2.013038144 0.983257841307 -0.00808313700723 0.981490617812 0.120441148239 0.952487366641 0.0683779330742 0.928999480444 -0.511066666667 0.982744391876 4
1.3568.297 2.12526846208 0.981769320019 -0.0173061995217 0.992858759966 0.106236650475 0.904894788641 0.0465055144901 0.905931277377 -1.68081914894 0.973775016704 4
1.3569.1182 1.84002039379 0.990690290544 -0.0550319897706 0.841834428568 -0.0210813561378 0.926510581687 0.0645153998539 0.945121146369 2.92247376543 0.982681822657 4
1.3569.71 1.80475111976 0.985328366847 -0.008192904092 0.971651948148 0.194839400494 0.964632250836 0.0699127961775 0.938509255488 -0.19732326284 0.987326012466 4
1.3571.131 1.81079673545 0.955316702828 -0.00553594235902 0.986015431686 0.101368933919 0.828570507225 0.0652527336935 0.966850512873 -2.18528899083 0.979372381075 4
1.3571.1323 1.93676186272 0.991451187817 -0.0304714452317 0.97433494115 0.148086117122 0.761999697531 0.0440052770406 0.911121466366 0.0222922374429 0.992520808542 4
1.3571.598 1.75419967061 0.952713290321 -0.0458012915887 0.982102456866 0.224938221789 0.859227372508 0.0441954270568 0.845993249557 1.43041624365 0.989926090902 4
1.3684.237 1.94641382451 0.960200864864 -0.0150920795377 0.986593374709 0.567874175291 0.942533783458 0.0652196269421 0.967389180502 -0.584617117117 0.958362730407 4
1.3684.265 2.11632753704 0.988069333584 -0.0429901735073 0.975330499925 0.388049420262 0.95416680035 0.0697609216968 0.834308620822 0.636584615385 0.974865449166 4
1.3685.92 2.10403937682 0.962731577863 -0.0114105757177 0.962100858921 0.0418300138335 0.84299599598 0.0807664180662 0.89111205037 -2.69005539359 0.978973494423 4
1.3687.1568 1.94094097533 0.952158735211 -0.0631848677567 0.922821467999 0.203505702804 0.933644784982 0.0764905414202 0.850382525501 1.95562698413 0.969099390455 4
1.3687.193 2.0796679603 0.953059148434 -0.0149241831918 0.96159665462 -0.107976376481 0.794807561028 0.0789445950888 0.899218350158 -1.74124367089 0.985395681298 4
1.3687.887 1.95556541409 0.984850486262 -0.0391538349349 0.974273072047 0.00910458220061 0.888146460223 0.0794188624951 0.949831618665 1.59870022371 0.969244274805 4
1.3688.1073 2.09177928528 0.982023126025 -0.00767647865948 0.972525784196 -0.0210789293298 0.899529527545 0.0758498569825 0.904940746147 -0.721251004016 0.983988541037 4
1.3688.1093 1.79488742981 0.98783537346 -0.00544062430492 0.952289629854 0.624222919152 0.966145389716 0.100843655463 0.906387135713 1.23507706422 0.990702633577 4
1.3690.31 1.96110261208 0.983618992284 -0.0129349795606 0.983919280513 0.648719378998 0.940692924863 0.0284596176047 0.929499722282 -2.30847169811 0.991603309295 4
1.3691.210 2.10856698754 0.979227548161 -0.0133716936423 0.963678114885 0.299753227524 0.850150108406 0.0413962251936 0.886346553057 -1.35615830721 0.988736707722 4
1.3692.337 1.87943168492 0.980269174065 -0.0139596634287 0.939939818066 0.378157466908 0.954986158873 0.029972321434 0.962130432318 1.24584529506 0.984530363914 4
1.3692.66 2.20587794107 0.993873656685 -0.0168358449113 0.992545545208 0.262778225349 0.962493655419 0.0490040631884 0.756496363823 -1.12831756757 0.993799702455 4
1.3804.164 1.89239944378 0.978701497184 -0.0124010553058 0.960710751194 0.0335528179014 0.923650325124 0.0502157916036 0.905362046017 -2.32901515152 0.952011860403 4
1.3804.2476 1.99209686237 0.980320430116 -0.0448058166615 0.958679608279 0.162533238743 0.917864359325 0.0719934765932 0.947503238556 1.52408426073 0.966694977521 4
1.3805.176 1.87697958749 0.947104947452 -0.00761390703731 0.982213284565 0.242737782018 0.965298389316 0.0618583360813 0.928067932244 -2.77743119266 0.991091838237 4
1.3805.2115 2.11369417766 0.919584438376 -0.0501448743496 0.966234847332 -0.043058361559 0.850493356849 0.0415471871582 0.917426024974 1.88645801527 0.970020978233 4
1.3805.213 2.17376754742 0.989444871981 -0.0218215950874 0.993683857056 -0.103609002283 0.942086129602 0.0374912736227 0.940780697447 -0.869550898204 0.991977986949 4
1.3806.317 1.98523575873 0.963086371947 -0.0131396647911 0.960183117948 0.147280546984 0.946723697284 0.0636451481826 0.875028201562 -0.798780635401 0.942022372173 4
1.3806.699 2.06580684056 0.980767725274 -0.0250485069706 0.969173315482 0.0100355883539 0.82720259725 0.0608720022884 0.844254962869 -1.03823181818 0.979660007083 4
1.3807.1436 1.97120251213 0.983133803774 -0.0487122154169 0.977113420915 -0.0153301535301 0.949139977028 0.0546937765223 0.940493760942 3.28698026316 0.985185665734 4
1.3807.48 2.07866997608 0.986385430878 -0.00997265019596 0.994155612963 0.800343734355 0.838468247064 0.0540408113588 0.936202015538 -0.733059967585 0.993370616048 4
1.3808.91 2.04891741807 0.955728993088 -0.0143548123756 0.992188539198 -0.0688514427737 0.927730949322 0.0564657645316 0.938093435531 -0.767331092437 0.970241815592 4
1.3809.1058 1.21484758185 0.972769334245 -0.0136640482549 0.973518324358 -0.324233629199 0.830982964589 0.0877028549067 0.940913865152 -0.313851959361 0.952885683455 4
1.3809.1208 2.01835124112 0.994560776449 -0.0111090263356 0.953945807155 0.144184835155 0.846499517911 0.0375159338711 0.892964483738 -0.701892857143 0.967610102912 4
1.3809.1351 1.98356237502 0.986239598319 -0.0137586411502 0.9782254138 0.0481120343525 0.823652148501 0.086955587334 0.90415910628 -1.72084018987 0.957315184372 4
1.3809.2710 1.80063658821 0.986345156241 -0.155143932318 0.965374074074 -0.0463396365594 0.903260936462 0.0635517886885 0.957230733504 1.39351541096 0.983527502842 4
1.3810.1131 1.70311221319 0.977538214821 -0.0469197705183 0.953063238141 0.166119059047 0.801520887274 0.073543773422 0.959298069271 4.9134870229 0.992954853002 4
1.3810.19 0.3572083621 0.989368855499 -0.0135677806468 0.992075408004 0.151685626025 0.871181400012 0.0765327262046 0.93464143988 -5.41138409475 0.929304173956 4
1.3810.2163 1.88766853193 0.992948148939 -0.101681587331 0.987395453837 0.0643168143031 0.930447572685 0.10177130571 0.875017285456 2.53776 0.973054677865 4
1.3811.138 1.97797823451 0.974328861625 -0.00436734587491 0.995519472344 0.0365511339084 0.896362039179 0.112702865459 0.88203547791 -0.703646084337 0.970827267376 4
1.3811.175 2.00597327184 0.964693830295 -0.0191603825372 0.99083609325 0.0992875023676 0.85608649067 0.0598621558122 0.900472505414 -2.4986488189 0.984133280746 4
1.3813.1263 1.43759119798 0.977916258682 -0.0387594649374 0.944134725828 0.105670216427 0.933476004289 0.0842602060797 0.947389325544 2.70064252696 0.98189381439 4
1.3813.52 1.82414747338 0.984988380142 -0.00563589920531 0.987156744958 0.206166954485 0.927819184269 0.0420726234264 0.8967798948 -2.29424960754 0.984726672672 4
1.3814.139 1.82411111181 0.926546217827 -0.0433681089917 0.94953832527 0.00915089558642 0.876557883642 0.0400254645052 0.915769897382 -0.372576862124 0.956827905616 4
1.3924.64 1.9753039078 0.932234888104 -0.0214536799311 0.988600753796 0.101488768591 0.951496904246 0.0420613138891 0.930537051204 -0.867956661316 0.970561455179 4
1.3925.1293 1.89220504153 0.974367623654 -0.017943363286 0.973354776553 0.173795349714 0.846328343674 0.0369574948062 0.912073955638 -1.29496732026 0.987866479614 4
1.3925.2038 2.12614288501 0.989059449977 -0.0550795272408 0.984794657064 0.105686907377 0.910248832049 0.0418629468946 0.941899772545 1.54834227129 0.988915035651 4
1.3926.365 1.94727133923 0.973752103821 -0.00944579013339 0.984576654054 0.0493913508657 0.953611283317 0.0557949948431 0.818678667335 -1.30297907324 0.987374064971 4
1.3927.1187 1.93503824562 0.979410965322 -0.0359058537378 0.969019103132 0.155139775898 0.940199356557 0.0604858699408 0.929996116075 -0.603539325843 0.98685800974 4
1.3928.1750 1.89409704574 0.981354079021 -0.072413662243 0.977043785417 0.290511067515 0.947013284693 0.0590068826784 0.949834779954 1.14053882726 0.917032962941 4
1.3928.463 1.88745056511 0.975629631808 -0.0203908509483 0.963206013546 0.0983395883227 0.800014877525 0.0312591199718 0.897424325344 0.246523148148 0.990071010959 4
1.3929.247 1.85259757075 0.928130533175 -0.0187264248561 0.941805359676 0.168521396038 0.830051018625 0.0788145788207 0.819940124324 -0.206582043344 0.989449088473 4
1.3929.255 2.06193750314 0.971946835817 -0.0119262570929 0.910011727967 0.104828987842 0.906463519292 0.0363713821879 0.951362263594 -0.0770983606557 0.972696209134 4
1.3930.1050 2.00911376185 0.97815596193 -0.0166166117979 0.982938455943 0.0565287535018 0.822453903562 0.0675522158447 0.949226756804 -0.710880989181 0.968906302353 4
1.3930.1143 2.1444464088 0.982209142437 -0.0124260305056 0.958704937566 0.0786087226768 0.894433786711 0.0539759336237 0.938706404697 -1.6301898928 0.957206487955 4
1.3930.1846 1.93735549044 0.989273318379 -0.0268102051579 0.93611517549 0.341330676615 0.954100856735 0.0594006613354 0.835756842442 2.58391117479 0.942261137263 4
1.3930.962 1.39579831233 0.96392677025 -0.0222373605799 0.990835048449 0.209120894336 0.933130974294 0.055338869442 0.955014569381 -1.01702769679 0.98279937089 4
1.3931.127 2.08153602708 0.964832498602 -0.00675566942173 0.982115056612 0.16132340776 0.919823110919 0.0496452720457 0.918824432096 -0.423976923077 0.981972821682 4
1.3931.146 2.06867692707 0.958776014598 -0.00549401104809 0.995848984013 0.405863654121 0.919566900931 0.0580809817482 0.961261914995 -0.0363352601156 0.97567250541 4
1.3931.98 1.74236376048 0.987800400484 -0.00879452713255 0.962432702761 0.612494687709 0.953594270603 0.0597778418173 0.944428008348 -0.607070588235 0.964528634469 4
1.3932.110 2.03880645248 0.973972988563 -0.0102196457944 0.985105579271 0.423008310672 0.938461087805 0.0796605948404 0.822405406369 -1.82882195846 0.987142855136 4
1.3932.557 1.09726393594 0.981760649065 -0.0251948936861 0.988505809098 0.0707435881651 0.918083011858 0.0478739092416 0.947918911885 0.539560747664 0.993297618297 4
1.3933.329 2.04965479227 0.965234116984 -0.0129143493464 0.9776945403 0.124962866094 0.926305535151 0.0525323257814 0.896521291064 -0.947624441133 0.988806276487 4
1.3934.683 1.99437705604 0.981520146607 -0.0206921176746 0.949854706201 0.177235253766 0.905466404919 0.0469175963512 0.932885282126 -0.993466360856 0.978613492669 4
1.4046.2388 2.02716042023 0.985946284239 -0.0363731301289 0.979409877468 0.0309408382738 0.948187527934 0.0379770810895 0.809065785135 -0.258350245499 0.950373011349 4
1.4047.2469 2.03046155524 0.990086504498 -0.0782197209097 0.964295651186 -0.00211352215089 0.959942822782 0.0740708728109 0.94778017205 0.289159609121 0.957174603206 4
1.4047.536 1.7914884216 0.948216897183 -0.0409821817633 0.985371653399 0.202564467771 0.811289452016 0.0365739032829 0.916634468601 3.01950079491 0.993478699827 4
1.4048.1635 1.84021895198 0.99000857214 -0.0269059737545 0.994455678651 0.46783025634 0.9405696276 0.0509379484939 0.909001311727 -1.39516025641 0.981859358395 4
1.4049.169 2.02719684698 0.986357244952 -0.0110276041742 0.899986317863 0.308844944326 0.934544213537 0.0653170243265 0.921469660157 -1.37114671164 0.986978123362 4
1.4049.1986 1.74272109968 0.902181148782 -0.0510945284854 0.976028198231 0.406545199021 0.753607384679 0.123626863837 0.653536641998 1.21231775701 0.981063174607 4
1.4050.107 2.21031508177 0.97225888657 -0.0171819624798 0.986607079688 0.766604899692 0.866155815295 0.0465473327206 0.806858171384 0.695900735294 0.984918643477 4
1.4050.1680 1.96401022191 0.9917483625 -0.0281115389338 0.986118266052 0.449371179448 0.959134878125 0.0405076027323 0.929745805961 -1.05729457364 0.992745798839 4
1.4051.2318 1.78565167404 0.958727186338 -0.0119858797638 0.790975953947 0.300685178957 0.9680878817 0.0730369764638 0.937559460096 -1.22070232558 0.879643752945 4
1.4051.445 2.03482260535 0.947076387358 -0.0122102172401 0.909198948137 -0.0845555778579 0.974150398719 0.0345960288153 0.934477633805 -0.615920967742 0.969641241714 4
1.4051.479 1.5412824714 0.978914594559 -0.0424853664254 0.978708918093 0.48776048253 0.809741253311 0.0420997142854 0.860756981881 1.96869969512 0.972949052137 4
1.4052.2379 1.83619963515 0.969348709448 -0.0108967764947 0.966010123729 0.291982724633 0.773710889832 0.0391919438577 0.910200230368 -1.92886289121 0.985253292803 4
1.4052.2486 2.03506110915 0.986327878782 -0.0108869361684 0.980208521283 0.210378340714 0.944532660744 0.0518078426479 0.950380073022 -0.707918006431 0.9579520626 4
1.4052.379 2.01684726993 0.96574322199 -0.0268716300562 0.940881664021 0.207495788768 0.91166188968 0.0489955527903 0.889496691902 0.272742251223 0.983110363664 4
1.4053.146 2.10213974932 0.983543667661 -0.0215171352531 0.903930580364 0.102469898089 0.943897588336 0.052537432732 0.948376210152 -0.7144864 0.992681692513 4
1.4053.197 1.92085130437 0.993888535746 -0.0191301638195 0.964268677224 0.203276514982 0.887303438286 0.0484370639703 0.924655668915 -0.512637561779 0.966231481856 4
1.4053.208 2.06437053218 0.970874578673 -0.028080358001 0.935556150966 0.18510452009 0.920366644747 0.0695585766887 0.817024673862 -0.748624405705 0.959356421819 4
1.4053.255 1.96254061589 0.986826070362 -0.033099209547 0.894518050777 0.1818158318 0.904826400031 0.0339575060514 0.912666391154 -0.728346278317 0.963921749408 4
1.4054.2524 1.95674978296 0.979987370578 -0.0388463993743 0.984036731068 0.265179665439 0.940118163625 0.0377447629366 0.872659244686 1.06141257669 0.988182353008 4
1.4055.98 1.10920447514 0.985446598209 -0.0299738883917 0.982548730197 0.380280965291 0.939198310703 0.11664831204 0.946640015819 -1.24768438003 0.970756024637 4
1.4056.186 1.88397244026 0.963950595114 -0.0223258301292 0.983272388068 0.00972394644849 0.944592951223 0.0598544255234 0.827504636446 -1.02264412238 0.931612959797 4
1.4168.1754 2.07915423248 0.952960378641 -0.0404085641446 0.991546064411 0.184255103524 0.897994723535 0.0649969978216 0.899772127018 1.57866818874 0.991552341424 4
1.4168.192 2.05991944218 0.982911647743 -0.00760703333674 0.97246984709 0.0527998268117 0.894558275619 0.0393492344096 0.917625166148 -1.14497564688 0.970605054103 4
1.4168.409 1.98025745267 0.987020405721 -0.00880399543358 0.969574945839 0.0420844181834 0.836680022663 0.0776228555408 0.83735229105 -0.512700348432 0.958235777939 4
1.4168.434 0.98402486802 0.982811933503 -0.0392593454814 0.983570985934 -0.0313772689083 0.922800407158 0.0652021403776 0.910992543845 -0.0162154882155 0.96872827977 4
1.4170.1016 2.13177160024 0.955321152537 -0.0209877933712 0.965631622242 0.144486664329 0.94754108536 0.0674134735978 0.881377651837 0.693725490196 0.968672511337 4
1.4170.316 1.97984801217 0.96805059769 -0.0200169848096 0.986538881441 -0.0645682797589 0.891200144682 0.0649611779968 0.915610093153 -0.634894345238 0.981804594638 4
