Macho_id Sigma_B Sigma_B_comp Eta_B Eta_B_comp stetson_L_B stetson_L_B_comp CuSum_B CuSum_B_comp B-R B-R_comp class
1.3567.1310 0.471648377608 0.898974776227 -0.0138642566115 0.828161566505 2.82168241769 0.720995594895 0.371643326799 0.809327181079 -0.300172473868 0.82507871275 2
1.4176.155 0.246940631139 0.678842381384 -0.0119618033831 0.669086294626 5.50577771861 0.593897297503 0.411855912358 0.699788663999 -0.339024478694 0.988003462244 2
1.4410.291 1.26901414672 0.885174022988 -0.00993846919734 0.963702875554 1.50825419142 0.836589197074 0.243065980293 0.79367918993 -0.357088403042 0.917454843221 2
1.4413.373 1.85364372145 0.988693804043 -0.0172658295731 0.94615848924 0.615362978939 0.919547273519 0.140070326258 0.937229996076 -0.394253271028 0.962013105433 2
1.4530.136 0.307033274485 0.948740293784 -0.0109686612052 0.843717594524 2.80285355869 0.608345997368 0.390754248488 0.814918133394 -0.0431706846673 0.928924443588 2
1.4538.531 0.942092355411 0.971658225097 -0.0129636948692 0.92191887256 1.13219918568 0.628008525714 0.230480832465 0.762632135619 -0.311587136929 0.964617128629 2
1.4653.105 0.187190434536 0.925416981316 -0.0104646176724 0.845347566586 4.21435404041 0.76854029945 0.371942964059 0.819208029723 -0.384391304348 0.971645987505 2
1.4659.335 0.432890204908 0.798330575406 -0.00866023785201 0.737295588686 1.89932469239 0.769232046024 0.39286165949 0.676600307702 -0.340026639344 0.741326522347 2
10.4279.1493 0.0853767850964 0.963781157095 -0.0106432791774 0.816154228753 6.10326046424 0.845504416392 0.419047394151 0.819207901571 -0.199324937028 0.957269672975 2
11.8751.968 0.69577800413 0.927355234904 -0.0496744987715 0.80303977543 1.24243392619 0.54537378345 0.303244460129 0.777800214508 0.395949367089 0.89219291272 2
11.9358.200 1.07219355485 0.985487090391 -0.0099608385507 0.922135832667 1.28083115902 0.914932378952 0.201136147933 0.647542692147 0.0494539007092 0.955126689883 2
11.9714.184 1.39415929892 0.991821013661 -0.010908011262 0.994640460718 1.0568589301 0.95282963601 0.140424425559 0.903074896629 0.11827443609 0.990908153271 2
11.9720.68 0.548681993633 0.907223629966 -0.00651400444058 0.806404135876 4.38987689375 0.612647935549 0.297863742398 0.751021416031 -0.0625473684211 0.928196307886 2
12.10561.1161 0.667900350176 0.797032988379 -0.0125878330763 0.807476822115 2.15504653692 0.564044437323 0.328681716568 0.679681528644 -0.132107947805 0.914310511257 2
12.10684.267 1.3217194391 0.791193632553 -0.0153471759034 0.963480573578 1.99829143634 0.749275262173 0.268482946647 0.645427941403 -0.0674735576923 0.927959521652 2
12.10926.76 1.34815298836 0.80532061348 -0.00683120694097 0.6372524073 1.47420033778 0.887138577848 0.223983567058 0.779228401024 -0.0880012239902 0.885789971883 2
13.6689.2365 0.574041962229 0.888129716593 -0.0106900590736 0.945805860038 1.55005015196 0.835991858553 0.27263545655 0.543584504097 -0.276952267303 0.948546010759 2
13.6931.2479 0.460893984339 0.915358543686 -0.0084269093705 0.911070741541 2.69255900737 0.842623604401 0.375751513395 0.923187151327 -0.313992610837 0.874992347112 2
14.8493.39 0.107149196612 0.950624579744 -0.0113423854909 0.841990011479 10.8675583631 0.833117039668 0.439804214832 0.903032393454 -0.244288032454 0.773082457762 2
14.8622.3551 0.466727125626 0.688732221913 -0.00790778300699 0.678026196728 1.89648007869 0.707535723098 0.350845851732 0.677894754285 -0.496604783599 0.978057731889 2
14.8863.660 0.426934988099 0.870333435484 -0.0105389680075 0.642754019695 4.28532117522 0.62149970745 0.384011717604 0.84755935133 -0.263473265074 0.938739020772 2
14.9587.87 0.961338668299 0.958217589893 -0.00828124727295 0.948940085741 3.43564151808 0.846664754629 0.256456857717 0.873272496297 -0.167036036036 0.831229127009 2
17.2102.357 0.921892811202 0.902985335294 -0.0134675577996 0.984962259033 1.01286842168 0.838012581286 0.298939454758 0.866536692535 -0.472677902622 0.834652373941 2
17.2105.71 0.469214820338 0.909090681292 -0.00594154638478 0.898122423562 3.22993603967 0.863423256508 0.38400283933 0.905845969948 -0.27785840708 0.938480501356 2
17.2108.72 0.524275189747 0.935570760258 -0.00558739236564 0.926459312839 3.94710779508 0.537729055196 0.376845307538 0.874794949488 -0.19294600939 0.986009846015 2
17.2109.108 0.2908947608 0.935878220457 -0.0107649802768 0.872181768879 2.23336532855 0.914211707668 0.365976970848 0.927581013843 -0.375096018735 0.987735742535 2
17.2469.222 0.609422820052 0.887285011386 -0.010605919034 0.869234878652 1.85415488724 0.827363164359 0.382617238653 0.826748406296 -0.321415525114 0.713220516028 2
17.3076.164 0.337773914135 0.765376758598 -0.0218234158582 0.672699255316 3.0519180319 0.314831383245 0.4183183787 0.695010384855 -0.472994764398 0.780335196188 2
18.2483.95 0.567416979391 0.606015550636 -0.00698797966759 0.855669251103 3.39825713668 0.669234815421 0.368384313551 0.583115614547 -0.191390988372 0.963403697063 2
18.3445.4646 0.651936868157 0.95087443994 -0.014195788824 0.985215908295 1.74444817492 0.904869583774 0.360599102004 0.941376879788 -0.3793551263 0.97899532886 2
18.3446.4192 0.0679823201535 0.861683059049 -0.0166529530748 0.764665548153 12.7152161516 0.655684743832 0.437657425093 0.896846774454 -0.429614845938 0.841765835345 2
19.3574.89 0.114327473511 0.84885912698 -0.0122268311836 0.822546197947 5.32532104723 0.883963400028 0.369600997236 0.752539374128 -0.430893939394 0.961689744467 2
19.3817.109 0.210047991318 0.860224201977 -0.0122249782959 0.725563988717 4.86002349856 0.850691744817 0.409813663974 0.710684875592 -0.42760130719 0.980299282466 2
19.4306.88 0.681178087668 0.945308277708 -0.0114898107389 0.861669287376 2.95480088455 0.908387735576 0.293100075445 0.876479807765 0.0792283464567 0.967974826908 2
206.16717.81 0.119104017115 0.93051355844 -0.00782800504431 0.658525104934 9.0625190414 0.653373992773 0.337904383114 0.900623077623 -0.321271561772 0.795726523216 2
206.16943.1467 1.05019872923 0.894483113322 -0.00638199611756 0.995300057921 1.35830021096 0.770834266223 0.269259005048 0.928549668862 -0.463658682635 0.846845982392 2
206.17003.54 0.198710782592 0.928890823252 -0.012262423313 0.867377256614 9.19202130899 0.690493491042 0.398424956577 0.856219658066 -0.0279721549637 0.938558979532 2
207.16253.210 0.527460222911 0.788492227029 -0.0115307415695 0.718771930789 3.33363502618 0.376007539629 0.389430600518 0.552317232661 0.474030927835 0.963070868086 2
207.16256.307 0.256273217258 0.988679002228 -0.0159222735505 0.929526167415 3.39706391879 0.909951001853 0.276859191083 0.818067626954 -0.0657839879154 0.990130473677 2
207.16259.243 0.0455155951302 0.966376763121 -0.0236629594104 0.813222222633 7.24342009267 0.832357194561 0.417830512661 0.913496123472 -0.500203873598 0.835261798785 2
207.16309.362 1.66488454882 0.926383564182 -0.00792461667308 0.970189472434 0.251800414382 0.849257520581 0.128640971189 0.875285296921 -0.47822611465 0.869516017182 2
207.16369.202 0.266427804858 0.872181793984 -0.00720307718238 0.741446505897 3.85604953256 0.471730557904 0.420756239146 0.786726562877 -0.522156716418 0.781258624335 2
207.16370.107 0.260330128931 0.96997473355 -0.0121463685154 0.93991547862 4.62534804747 0.897827305033 0.201219345392 0.757471419761 0.707860489883 0.947515272466 2
207.16483.111 0.187916342073 0.996990744275 -0.00671243668411 0.955909578241 5.91625210801 0.791237234609 0.373718496696 0.849811635342 -0.174419527897 0.948045313325 2
208.15912.448 1.29708612569 0.875818623146 -0.0202910547735 0.940776466944 0.864191711364 0.782782724344 0.217786662096 0.817194504517 0.69054535975 0.994702452194 2
211.16249.191 0.796797521245 0.965564897142 -0.0123044831379 0.960626196888 1.84601341371 0.550150244266 0.336378845736 0.654195196271 -0.187015923567 0.988084870444 2
211.16301.73 0.160726365579 0.899610147216 -0.00897470352385 0.777322555479 3.37810755125 0.823059295681 0.410317362499 0.934576000371 -0.473252747253 0.911080721711 2
211.16419.222 0.639611792875 0.982958598105 -0.0150151000177 0.967742732634 1.6304733842 0.893887974069 0.219910476198 0.873247557652 0.421194638695 0.964330551964 2
211.16538.130 0.291953056623 0.912082753992 -0.00606029769685 0.719696979414 2.20791509615 0.76438267703 0.371880264508 0.865264664301 -0.366748110831 0.754970282828 2
211.16591.58 0.794835655987 0.974237436915 -0.0108414614935 0.978836686573 2.66464860414 0.855518565975 0.227973741264 0.736135061573 1.06280773606 0.992033958229 2
211.16766.157 0.707882573994 0.620836805014 -0.0194307440411 0.777495233444 1.79474259273 0.56581622873 0.420313208697 0.56845369819 -0.468471042471 0.982036340626 2
211.16816.33 0.464583876842 0.967101198864 -0.00954375037701 0.883418208194 2.53502113527 0.6518698805 0.380097931963 0.821384458131 -0.486273062731 0.987802811704 2
212.15675.121 0.325893365538 0.697313531878 -0.00882531562419 0.954341802832 4.86674281111 0.50444134111 0.413910862419 0.76378336085 -0.0497372262774 0.940194307591 2
212.15681.412 0.105201841405 0.924839477558 -0.0618771461058 0.905114584905 4.26502526796 0.820219413581 0.371913298105 0.947977335322 0.384488322718 0.980667389793 2
212.15734.4938 0.262357858784 0.750685706585 -0.0386975757687 0.911201037898 -1.57082284273 0.718009814544 0.318725349822 0.718379123626 0.639696335079 0.84773294044 2
212.15790.340 0.250645177486 0.806001347994 -0.0112750503097 0.900301871165 1.19843442191 0.721870857271 0.202596882663 0.744919654797 0.26535300207 0.876780693367 2
212.15843.58 0.171511796069 0.898329326778 -0.00833683100504 0.936586945459 -1.73411826819 0.584117148526 0.401763412751 0.890015042653 -0.345509635974 0.88863866635 2
212.15851.175 0.204725364465 0.96164546984 -0.00872740007373 0.9389723637 2.28169446509 0.619608518292 0.244060449782 0.90626455428 1.44031264637 0.671444214462 2
212.16020.57 0.0892325529618 0.910353934896 -0.00946771478421 0.489244534572 -1.74041114169 0.451683087786 0.373871320228 0.781074506208 -2.66695615866 0.707837263421 2
212.16071.186 0.702738782141 0.927435974296 -0.00813508438558 0.935250023695 -1.13366706295 0.723395058011 0.345245563017 0.895409691123 0.617266591676 0.742349636729 2
212.16076.102 0.308598363908 0.628108672406 -0.0145100360248 0.835318810757 1.69189427279 0.555032145567 0.367012646166 0.67119021971 -1.0444137931 0.745107675103 2
212.16076.3964 1.28238381782 0.933025631194 -0.0157056359178 0.969286845457 0.132723619611 0.837631501681 0.158540523487 0.78531395379 -1.74214413408 0.933385893584 2
213.15561.115 0.168444693801 0.920197356805 -0.00677438245209 0.820194857686 -0.067130968009 0.797777983629 0.397715919793 0.918682003388 -0.560708784597 0.684381380857 2
22.4873.3357 0.260150261613 0.947378912924 -0.00779918524572 0.86173995693 1.68039847318 0.706825100615 0.365803951327 0.849587979094 -1.09501060071 0.901903333358 2
24.2740.150 0.239486586171 0.750865421376 -0.0168231692763 0.467421802761 -0.235307765747 0.696670574735 0.430215058537 0.67768431 1.02359568733 0.653998967124 2
24.2741.38 0.786733425556 0.973172621754 -0.00423969904962 0.938987941131 1.20229641262 0.615848878444 0.287651983177 0.690913323781 -1.14664 0.896200502624 2
24.2853.51 0.167620079821 0.866793242953 -0.00890290344769 0.543223792558 0.231864266998 0.884098389957 0.430395219552 0.544488197034 -0.784920318725 0.833753631775 2
24.2854.74 0.374096056098 0.937329126396 -0.00793034721907 0.856624013737 0.367549295692 0.811330817024 0.276040037062 0.751227185691 -0.643781746032 0.919009418385 2
24.2854.92 0.127787515962 0.986304518067 -0.0104675841352 0.882098488512 5.27014027248 0.777696781418 0.406768623421 0.917191263888 0.244827586207 0.759336267795 2
24.2862.82 0.139427142497 0.850197208338 -0.0162369033854 0.75425923018 -2.71473431968 0.875671399586 0.399810231164 0.720164334248 -0.274736842105 0.876906957356 2
24.3105.48 0.110882556953 0.964112218052 -0.00937142311929 0.908155418363 -0.826394091979 0.735483426285 0.457125253553 0.93417422853 -0.557494791667 0.936481174452 2
5.4652.8060 0.257273542969 0.576022247941 -0.0127001199709 0.636134750438 2.78346034292 0.708312684967 0.441622878617 0.646878208872 -0.00169370330845 0.924711836724 2
53.3362.75 1.24541386865 0.945469149035 -0.0110622587478 0.874694675861 0.75595174845 0.57378363031 0.306762590347 0.451957431178 -1.91257 0.812671186525 2
55.3367.61 0.263638243734 0.957235637046 -0.00853956027492 0.88195441539 -0.0406531242153 0.750356117545 0.291627703105 0.73343784264 -1.28416611296 0.715739646257 2
55.3488.113 1.20130556513 0.987462894511 -0.0119835887773 0.970417444773 -0.171620204289 0.72318373878 0.232811742572 0.873682999305 -1.05958730159 0.731200244407 2
60.6984.54 1.79150197637 0.967623791293 -0.00448486846091 0.870892934152 0.528176787956 0.691806623665 0.115064406918 0.731352837134 0.640914979757 0.880957984993 2
60.6990.36 0.541944159764 0.953105433549 -0.00300457983428 0.930513469559 -0.273386254341 0.673211903056 0.340345808984 0.547577283223 -1.07180909091 0.890565708267 2
62.6636.1755 0.087834225962 0.939207772445 -0.00813643376954 0.803509040036 6.02045982861 0.379849475295 0.362655439549 0.840838892589 -0.535424657534 0.613958373257 2
62.6749.2315 0.290176896512 0.921627747623 -0.00687974423873 0.618512801966 0.60180362667 0.635439699513 0.403734326502 0.630043072147 -1.52175942029 0.719081212426 2
7.7180.314 0.549418666284 0.8528317634 -0.00982141800576 0.865438274467 -1.83450634478 0.757806211523 0.327769535353 0.851181901218 -0.0549312080537 0.826432335567 2
7.7662.182 0.50874524803 0.986824250356 -0.00817521635869 0.973251044109 1.2394092264 0.726285996139 0.329690268548 0.815760617408 -0.686946619217 0.783260295324 2
7.8387.210 0.879294049211 0.974939953754 -0.0131884050536 0.839788219243 0.281261125594 0.763920623286 0.297881740948 0.816854937855 0.587966783217 0.928162989278 2
7.8389.147 0.36193623043 0.981665620779 -0.0228299961054 0.898044723809 0.985959762076 0.68778492744 0.219758616146 0.688972719302 -0.547803603604 0.963130380628 2
78.5860.310 0.130254720547 0.90964481581 -0.0222065255534 0.78432272206 -3.92372874078 0.779265146115 0.424325567174 0.893017764896 -0.278842175066 0.886968030141 2
78.6100.453 0.316219791974 0.960563053357 -0.0131578379142 0.827567104218 0.488866225758 0.756231758376 0.388871029842 0.81945014583 -0.57677852349 0.849015685134 2
78.6342.306 1.14257649571 0.923045887256 -0.0148800053073 0.9769232738 -0.381821745169 0.787801635416 0.244958213701 0.846733239377 -1.16952154532 0.954402863198 2
78.6827.881 0.658338203321 0.989506584996 -0.0439708429229 0.958018559522 0.725940942891 0.786385913297 0.223180125304 0.823620720323 1.59318459302 0.939970837986 2
79.4655.4750 0.882201152364 0.985534899339 -0.0146465898207 0.970732775172 0.271828223215 0.869519194262 0.270777677793 0.961486531917 1.00939795114 0.89292143866 2
79.4656.3643 0.853965446607 0.881923106955 -0.0471974609422 0.963053199299 0.899114384815 0.683089616993 0.290988730228 0.88066318142 0.470092286501 0.928909307462 2
79.4772.148 0.428052223392 0.89833733576 -0.00645712003287 0.879712774304 1.36552842148 0.66050127938 0.384658452259 0.759352978997 -0.638662509171 0.886094579779 2
79.4898.216 0.554059599666 0.938604565983 -0.0082368292842 0.934354569553 1.1844404355 0.560134977749 0.340675515558 0.934089054357 -0.871681783825 0.582994237874 2
79.4900.413 0.739787509775 0.555589004987 -0.014595027104 0.779355705191 -0.875743589917 0.628147247632 0.346301899354 0.40804908388 -0.111905165767 0.667131294765 2
79.5377.288 0.391080720052 0.696503845109 -0.0111271248324 0.786056132897 -3.24074988294 0.632874480707 0.404296448872 0.648074783629 0.66228406633 0.657967772861 2
80.6708.5218 0.712854364937 0.979157591505 -0.00867666185801 0.961046196438 0.582803568878 0.910217378272 0.261639577251 0.932771392425 -1.10997602996 0.94373329853 2
80.7071.3521 1.06996648316 0.971391510658 -0.0231208550216 0.985507500586 -0.35352144658 0.696734462421 0.212677973793 0.903774401034 1.85098397669 0.915257931112 2
81.8519.234 1.30126759574 0.934874677941 -0.011952004086 0.988138975742 0.295493174085 0.67735858898 0.166063576897 0.716915289562 0.246619843924 0.840850960875 2
81.8520.155 0.259903980695 0.972885984576 -0.00957186414835 0.96032486339 1.99627163848 0.684984390564 0.384436664303 0.83119454559 -0.717145785877 0.957488380884 2
81.8756.399 0.984210126957 0.80021011575 -0.0143959004755 0.940626861871 -0.462462602759 0.554749586612 0.320899596998 0.697086249809 0.344410835214 0.831894908546 2
81.8884.125 0.184320518627 0.922366606241 -0.0106529213473 0.814193644976 1.85771862111 0.747586126044 0.377054248863 0.854961175698 -0.680916380298 0.754037756743 2
81.8885.145 0.615164425018 0.86095968157 -0.00636314478246 0.890432566489 -0.120917638531 0.756339666829 0.306746920187 0.81278176682 -1.37158023256 0.532479365273 2
81.9361.377 0.252767254874 0.93090462312 -0.0424146048456 0.481138084439 1.27184017822 0.751167936212 0.420310450711 0.898185152137 1.06970382883 0.559534591513 2
81.9362.110 0.462331592506 0.939983311082 -0.0149400836421 0.82317741143 0.191587999206 0.539992264079 0.391344072776 0.819561155759 -0.5158 0.892173318211 2
9.4270.31 0.310304136436 0.863264560401 -0.00779317352088 0.600148899462 -2.14570951821 0.693089303149 0.395491862435 0.614153739004 -1.71957968476 0.685483396048 2
9.4512.139 0.411429482243 0.931069691823 -0.00934250582224 0.938350743929 2.25168632747 0.743611923953 0.370404669695 0.753963350558 -0.178300209205 0.839535796393 2
9.4520.158 0.496657450644 0.925882640877 -0.0063369352248 0.802775386916 0.409758853451 0.753399967994 0.362337946299 0.77042619617 -1.93533367451 0.968324418546 2
1.3441.15 1.27918601956 0.970451180668 -0.0301329880926 0.995865311425 0.405423893984 0.947595533603 0.0525205120875 0.933880182296 -1.31976426426 0.991510868731 3
1.3441.45 2.30811992341 0.984191799063 -0.0285926348948 0.98475718112 -1.70267122846 0.945739388573 0.0333781831357 0.938664499149 0.230468292683 0.985022347109 3
1.3443.26 2.17409365346 0.993585499382 -0.0188218566094 0.991616378874 0.390677183325 0.953834598294 0.0399158152043 0.934368979655 0.0610032206119 0.987881347235 3
1.3443.30 2.11887673751 0.974605418806 -0.0193589068941 0.981903409781 -0.0557406465953 0.925749425534 0.0275911257953 0.96883401491 0.0383923826395 0.988574281671 3
1.3447.36 1.97448809858 0.959232495806 -0.0285982235652 0.996327112557 -0.144492957247 0.972905411096 0.027474223925 0.937103403651 1.80434681042 0.996630967062 3
1.3448.13 1.03968854783 0.983320673284 -0.0282180846507 0.990940189699 -1.12797507539 0.920760721679 0.0609203869373 0.925361756652 -1.59709383625 0.988892837602 3
1.3449.62 1.56919680261 0.986133899868 -0.0240545231732 0.988240999892 0.652418387801 0.786539669065 0.0587221030525 0.825395287173 -0.0239548192771 0.976304886598 3
1.3451.33 1.78203521807 0.994388046939 -0.026451583312 0.994189243583 0.902000977985 0.947854277529 0.0454262037985 0.948846308728 1.14166824645 0.938439849269 3
1.3451.9 1.86560787076 0.987219712941 -0.0216465802741 0.92195491651 -1.08431009122 0.804992641826 0.0678038398108 0.904101999396 1.16063191153 0.961409348437 3
1.3562.12 1.38101653598 0.963242410087 -0.019241869243 0.996284636568 1.53265787655 0.899770988564 0.0438169019081 0.924654043147 -0.360741456166 0.973794738365 3
1.3563.34 1.98722768999 0.958402900294 -0.0219125017162 0.967976934647 -0.140117434739 0.759145703975 0.0675445243121 0.53944783037 -0.310112852665 0.929097690097 3
1.3565.47 2.05214691836 0.978794533474 -0.0280806871569 0.988436344286 -0.268296898699 0.868319934427 0.0600709670051 0.840146932752 -0.367085626911 0.988163668216 3
1.3565.87 2.02333361208 0.975268417432 -0.0133036199988 0.997880894065 9.57143759979e-05 0.958968024998 0.0505294001335 0.949957430964 -0.00159650735295 0.996299032094 3
1.3567.1010 2.12646099392 0.968373169803 -0.0251052253105 0.993176019931 -1.00325712665 0.863671901086 0.0446569932038 0.944013690192 1.25425976385 0.986570892938 3
1.3570.29 2.09722400556 0.969644588952 -0.015217193546 0.99658990201 0.434983612098 0.946408799072 0.0316102235409 0.969131162624 -0.206916591115 0.99293039626 3
1.3570.32 2.15664383482 0.977398312425 -0.0249973068806 0.992221289119 0.887983627616 0.900482487471 0.0284975122923 0.953909611054 0.674281842818 0.988427991724 3
1.3571.25 2.12784067757 0.983191613432 -0.00810199291341 0.992723577926 -0.691347854698 0.952355912388 0.0321411577058 0.937186910793 -0.172315454545 0.988149819825 3
1.3571.31 2.14157111523 0.985794578886 -0.0297191342827 0.996227555866 -0.744397999957 0.937538880178 0.0267829555985 0.939419694863 0.0356119402985 0.984823903075 3
1.3572.23 2.18618510383 0.985487319652 -0.0461896298886 0.994765468775 0.0340225418479 0.912219031338 0.0352466303599 0.906853221222 0.582834154351 0.993061755182 3
1.3683.25 2.39273725102 0.983833180459 -0.0166210714045 0.985933014603 -1.8021183432 0.962201223712 0.0244355910566 0.904754597027 -0.164203252033 0.979491684447 3
1.3685.41 2.2844770614 0.905196956981 -0.0340074204514 0.967585543835 0.318451248454 0.970949920753 0.0376736506832 0.905091910836 2.2438251634 0.991055238108 3
1.3686.7 0.798971328012 0.995759586713 -0.0338344616295 0.990871903003 2.07953817872 0.971872681654 0.0592382278938 0.956675401184 -0.418129798903 0.983646410609 3
1.3689.21 1.05460897079 0.970738290156 -0.0147449764999 0.992598367874 0.260035464939 0.940380032401 0.0442254857704 0.9357551284 -0.522775381851 0.983966428211 3
1.3691.19 2.08106096858 0.968066574144 -0.0182991261221 0.997610255373 0.762283003279 0.951400802036 0.0533318579059 0.954040052576 -0.313609756098 0.996089987642 3
1.3691.32 2.11419898646 0.973686687145 -0.0170015508868 0.998752976638 0.636392174749 0.920346360374 0.0378393022008 0.952719406075 0.19003649635 0.972950743578 3
1.3691.37 2.03576271633 0.97156779293 -0.0223802049563 0.985890646053 1.03563994534 0.958642106742 0.0296629107716 0.905149751677 1.67170700637 0.992274608811 3
1.3692.16 1.01316614902 0.965996534769 -0.0312367721623 0.9947541684 -2.76959443783 0.933123610596 0.0403947918711 0.966097335398 0.167766034327 0.991987089808 3
1.3692.17 1.007003813 0.95967165476 -0.0247109490146 0.992614564455 2.30514044265 0.976520459501 0.0387148718076 0.918574122636 -0.519297989031 0.993803217999 3
1.3693.11 2.02587668819 0.982355299023 -0.0139481526642 0.994855921849 1.34259849158 0.93550880923 0.0406553727157 0.947646785903 -0.0145964214712 0.99741505929 3
1.3804.26 2.0195538302 0.950000838891 -0.0221615082772 0.992038800874 0.429828975082 0.960403428253 0.0330570014842 0.9587818098 -0.474742180095 0.984311270734 3
1.3805.47 2.07731449317 0.97335652573 -0.0188253875585 0.987222707461 0.390190904652 0.948687440078 0.0419256711313 0.931509922974 0.383378858747 0.976177239575 3
1.3807.24 2.16108184712 0.984067850112 -0.0178909072174 0.997202893442 -0.936385317126 0.931549677989 0.0321400814406 0.956391212642 0.734327292111 0.992039556318 3
1.3808.12 1.4338168747 0.952558652702 -0.0239087984373 0.99379860503 -3.75736533958 0.964693214623 0.0400573746802 0.927121506614 1.07135054618 0.986181021374 3
1.3809.937 1.08194953323 0.99340325334 -0.0292160098014 0.99162468915 -2.27862214776 0.920174248124 0.0394362729881 0.966675715597 0.22945505618 0.994216166942 3
1.3809.938 1.68840051627 0.955532872991 -0.0155994652873 0.998667730506 0.539872424582 0.928942461933 0.0253491559433 0.967296322837 0.979038240918 0.991769589328 3
1.3810.11 0.947061703743 0.995708708123 -0.0375199383137 0.989209732735 -3.03758645144 0.963468791961 0.0424422414118 0.957247631004 -0.403471507353 0.963120683728 3
1.3812.15 1.18797288425 0.956710145869 -0.0224921653262 0.992964913247 0.242856553978 0.962493506229 0.0345390735878 0.9542441565 -0.00635267452401 0.995017466256 3
1.3812.18 1.3168607088 0.962856488233 -0.0173231604438 0.994389029881 1.52145409836 0.952081666314 0.0520144020755 0.978776850003 0.652478417266 0.975643613267 3
1.3813.7 1.57430151934 0.927314657756 -0.0117639797141 0.988544632658 -0.455850538502 0.929324327857 0.028958504503 0.961143372617 -1.04611862745 0.987158603113 3
1.3927.29 2.04081666542 0.97063791919 -0.0342872714149 0.998536559765 0.257918860948 0.97655354584 0.0188506741773 0.940352491728 0.04581133829 0.996977487978 3
1.3927.46 2.09974807426 0.962771526319 -0.0249566057746 0.997136985884 0.54094472655 0.952244290759 0.0213619905358 0.941221918813 0.0692458410351 0.994348552659 3
1.3927.58 2.0489522116 0.984207359492 -0.025857090819 0.99808065993 0.560712485631 0.936834354563 0.0314483121271 0.845329907092 0.905358126722 0.982088377907 3
1.3928.26 2.061637591 0.975757342418 -0.0147754086759 0.992530432625 0.54053370825 0.96586165237 0.041429937465 0.945726504554 -1.33072823779 0.991083783361 3
1.3929.107 2.12999465708 0.961703793427 -0.0338565404805 0.990916033603 -0.787646768826 0.966908260852 0.0331869941981 0.966150185043 0.895679738562 0.984805031811 3
1.3933.64 2.00653634884 0.981162146631 -0.022405609849 0.996405367305 0.589152195241 0.901156874377 0.0244843973 0.941387203772 0.54905 0.989830865789 3
1.4046.1615 2.10710991272 0.980650197363 -0.0282367566507 0.996281532495 0.850588950495 0.953267498063 0.039771335089 0.946621554891 0.180925072046 0.991278696026 3
1.4047.1441 2.02547020025 0.987581622704 -0.0371286253161 0.992420966642 -0.538014106287 0.944077983564 0.0234605976135 0.925013610577 -0.58384244671 0.987205218017 3
1.4048.28 1.9946336709 0.972313668456 -0.0107507181054 0.990785823196 -0.463348985071 0.924105013737 0.0268304526383 0.9432138419 2.23392391304 0.98925460256 3
1.4048.6 1.60520303726 0.975631314128 -0.0321418085972 0.996736449255 0.15219239131 0.967763640535 0.0445437140335 0.918076539481 -1.14139903846 0.961160261874 3
1.4049.1534 2.11101250224 0.948308806368 -0.0196984822283 0.996932483589 0.354978410507 0.830198424922 0.0342771200669 0.97118458273 -0.797394862036 0.99128903703 3
1.4052.55 2.30103864118 0.974665530246 -0.0216130084193 0.980481688458 -0.00189203559896 0.960708692569 0.0499122010656 0.927178145554 0.223394079556 0.982847192323 3
1.4053.53 2.06532628277 0.981248403861 -0.0150682610544 0.997003260831 -0.382795691344 0.956334343423 0.0774901727449 0.922890737092 2.24581759259 0.995419425084 3
1.4054.15 1.44003888263 0.993363656352 -0.0243336229978 0.995238251556 1.44293071603 0.952787980719 0.0332023119809 0.929576365721 -0.411612353568 0.992860435199 3
1.4055.2227 1.95496898648 0.965654220018 -0.0285733197953 0.993181290084 -4.55327719872 0.938001707699 0.0385367127616 0.950159094594 0.119064553991 0.985036201918 3
1.4171.24 1.82421268905 0.970760118584 -0.033489870389 0.997115002209 -1.120737485 0.68226046182 0.0381068758204 0.925161616175 1.10431190926 0.98518990488 3
1.4175.14 1.71497194723 0.969346375665 -0.00964769873821 0.974094181807 0.0417744321427 0.951328833432 0.0365227075062 0.952802909832 -1.11547246892 0.984063871988 3
1.4176.34 2.16235061944 0.976697502418 -0.0119436833439 0.98117318472 -0.389113501189 0.930371510549 0.041552669914 0.938603690206 0.15454283054 0.994896098172 3
1.4289.25 1.87478138127 0.98584323493 -0.0229141880021 0.998096815429 -0.0426760217645 0.952138753052 0.034906250462 0.96299724648 0.279753153153 0.983923876337 3
1.4291.35 2.13115538939 0.981848687663 -0.0174232202285 0.998392144335 -0.521589128438 0.959010685826 0.0311161819472 0.917909503435 0.250192523364 0.993875935146 3
1.4294.36 1.95199671685 0.990228273041 -0.0307438754213 0.994965688107 -0.0434236817549 0.971047358064 0.0339244084108 0.966372042858 -0.510527956004 0.993352440179 3
1.4296.70 2.15053565893 0.945606532096 -0.00935952902325 0.962437704462 -0.250385113584 0.934440111447 0.056036339188 0.972727151834 0.710421888791 0.989645388323 3
1.4412.29 2.17207190035 0.942747039897 -0.0297720697244 0.99168484691 0.493339914177 0.959681046469 0.0399389347001 0.904187236477 0.169180043384 0.989624971232 3
1.4414.42 2.19008114854 0.974587046349 -0.0174837790133 0.998106567939 -0.554965422844 0.928184452451 0.0337071411214 0.948634781359 -0.377026607539 0.953940484023 3
1.4415.55 2.14933776904 0.944084288774 -0.0138607951341 0.993457071027 1.02243668556 0.87369609097 0.0552306452168 0.94355273339 1.173 0.992475507244 3
1.4417.13 1.83301255054 0.980219140467 -0.0343694807082 0.994549890257 0.274148584247 0.971208507108 0.0283862557212 0.9568311267 -1.75211780822 0.995646240124 3
1.4531.168 1.55222375164 0.987302051772 -0.0827803493056 0.99408446714 -0.429017430387 0.880935379905 0.0717656565865 0.892212056815 1.34418004115 0.954343785057 3
1.4531.99 1.99632158577 0.981815590422 -0.0152397681833 0.988191327136 -0.266647411934 0.93198488653 0.072908783644 0.927072410023 1.63659578207 0.982626340083 3
1.4532.66 2.0712186944 0.982899697238 -0.0272097271582 0.998620283879 0.330979007701 0.963041271335 0.0390843368599 0.965322452445 0.808757180157 0.996439188585 3
1.4534.23 1.87357697398 0.983654048068 -0.0102895885395 0.994955077105 0.562560568697 0.905190756099 0.027299282963 0.944857873359 -0.285071492404 0.986225281529 3
1.4534.33 2.11184070693 0.984290733801 -0.0317545423423 0.998435227896 0.688835635298 0.942167515866 0.026736174892 0.96290376615 0.373812280702 0.991840652768 3
1.4534.48 2.23093686581 0.985452553085 -0.0188041532667 0.993021235993 0.0955624064733 0.928045791409 0.0599479941103 0.957574686892 0.0227317073171 0.989150300321 3
1.4539.77 2.04660874977 0.978536114115 -0.0318408131115 0.993780110151 -0.340461292839 0.913745394675 0.0356149727566 0.923108170245 0.239107536765 0.965385532913 3
1.4652.42 2.25660637431 0.965417834168 -0.0175110017238 0.998092368328 -0.805107479034 0.845509992544 0.0441391980738 0.969710355024 0.264821459982 0.997889575618 3
1.4653.29 2.04926505325 0.992549669868 -0.0268725024394 0.995800820656 -0.467090011038 0.909762608167 0.0362436833155 0.954035332548 0.080999073216 0.996811405625 3
1.4655.46 2.33094324727 0.977683093558 -0.0196954680069 0.953156210193 0.467988788949 0.718861012424 0.045879338285 0.940394422176 0.455004444444 0.986582752786 3
1.4657.37 2.34259494654 0.978205795465 -0.0112522064126 0.977015043139 0.882409814145 0.941852654912 0.0631544675974 0.898495765519 0.793026970954 0.984599647569 3
1.4659.63 2.34042484679 0.983239349053 -0.0351828726309 0.994016668847 -5.48602679626 0.88947908601 0.0464009825973 0.940082093811 1.28604357798 0.98410036696 3
2.4662.12 2.20069601028 0.974173533025 -0.023721454843 0.993520825506 -0.337188287829 0.972451704318 0.0415728556751 0.927743565794 0.13074916388 0.991062783771 3
2.4785.21 2.28178347968 0.979095476532 -0.0303697751177 0.993482078754 -0.0578034677468 0.964179446508 0.0347064779225 0.921499606596 -1.25205357143 0.949496657048 3
2.4788.82 2.23496609628 0.976601288927 -0.0184922122732 0.995255060067 -0.0709027004394 0.940486928954 0.0316917551331 0.932166855933 1.02175806452 0.994569862375 3
2.4790.48 2.33740962282 0.951382103415 -0.0301126943838 0.996654627342 -0.944785899086 0.94440466708 0.0199884168655 0.979243036794 1.38779219512 0.994424105216 3
2.5026.16 1.74306436367 0.95492644766 -0.0280362704803 0.994756640478 -1.51715375919 0.977604044795 0.0336949801051 0.913208774197 -0.227717475728 0.982069080629 3
2.5027.10 2.0365280431 0.986004727514 -0.0357080828111 0.995921940262 -1.91450551322 0.934409506527 0.0312147076088 0.941360891869 0.18586199794 0.994967130469 3
2.5144.4495 2.27045275248 0.991408491827 -0.0323109992429 0.990762184736 0.182373812834 0.967178573344 0.0341868937894 0.958814254536 -1.58617997978 0.997121246894 3
2.5148.126 2.0211147082 0.991341516917 -0.0163712263429 0.759164655171 -0.882876959657 0.939267027202 0.0401842547086 0.951128602934 1.27297686117 0.968154424621 3
2.5148.29 2.34037530112 0.961161437951 -0.0311235061922 0.996956353595 -0.131220462309 0.956225699819 0.0308300225073 0.933662729615 0.485829465187 0.9905062525 3
2.5265.3739 2.14738687913 0.97384810191 -0.0320121838676 0.984822136796 -1.60383202075 0.855937351858 0.0430956133273 0.938537103564 0.14226744186 0.976279215192 3
2.5268.1302 2.37698775815 0.970837774143 -0.0398489549577 0.991741622492 0.224863796765 0.967102172506 0.0300811874841 0.935656874231 -0.733366666667 0.990479721809 3
2.5268.1328 2.34443692277 0.949216555339 -0.0355141937727 0.962389331646 0.723065077551 0.913081589569 0.0524383797404 0.908797836225 1.34162476895 0.987698335979 3
2.5270.1994 2.21662266961 0.986994538698 -0.0310665095453 0.987386717388 -0.0387949940624 0.933976116457 0.0425623931164 0.924615223244 0.0741746724891 0.989046117175 3
2.5386.4437 2.29374758782 0.979678364601 -0.0109887507803 0.985307267673 0.901845826675 0.930831692243 0.0426172147244 0.917723862341 0.386203065134 0.994589083277 3
2.5390.43 2.30062097398 0.974330279022 -0.0431440547547 0.997267374219 -1.5477966147 0.969601485012 0.028460993703 0.966439482522 1.13071677983 0.993611690924 3
2.5509.20 2.187083134 0.933018186028 -0.0144585951086 0.9968364452 -0.177211889331 0.970225186923 0.0441575076023 0.965383846507 -1.63150721848 0.982627217661 3
2.5510.52 1.62174431894 0.98138698568 -0.0176133014007 0.995082597572 0.0590606638502 0.949262466052 0.032738895179 0.961924039392 1.43540060241 0.990381520536 3
2.5628.4390 2.18335850389 0.963126968883 -0.0330818197881 0.996372950202 -0.201462097121 0.928786769183 0.0289656237423 0.910085891875 -0.52928403526 0.994590374131 3
2.5631.44 2.27623797401 0.983254895283 -0.0182201962968 0.995500887489 -0.000498242643609 0.926705841437 0.0382023639601 0.966350334745 0.782672906404 0.988406654336 3
2.5750.1942 2.25377774343 0.985799686928 -0.0154332519974 0.945106036441 0.145031465446 0.953784048923 0.0292007914598 0.895434060394 0.106883798883 0.972761153306 3
2.5750.1943 2.21653821164 0.975583916652 -0.0261505656005 0.991623521401 -1.65517107679 0.957836253088 0.0476427503351 0.900392647495 0.110712981744 0.983356737962 3
2.5751.44 2.01918837574 0.986988874926 -0.0469735640259 0.994079506924 -1.34097955796 0.960782490917 0.0477510976618 0.884777551076 0.863986651835 0.984698686817 3
1.3325.93 1.6670753074 0.990115946732 -0.0422709732548 0.993039999189 8.87340794466e-05 0.886539164136 0.0731470341814 0.921511129952 1.46719185059 0.988645906049 4
1.3442.172 1.61601450437 0.971613007762 -0.0165789902955 0.983723083697 0.210262590905 0.875968494669 0.0384028527818 0.929032070372 -0.75269047619 0.988416138507 4
1.3442.233 1.94805799291 0.913394857942 -0.0381454760849 0.981977027919 0.288075128709 0.889210041761 0.0636443285899 0.945497036522 -0.00365015015015 0.992507851272 4
1.3443.177 1.94807080401 0.981870583368 -0.00807481200453 0.983657469222 0.0811275539086 0.963400222088 0.0518550768126 0.914647144738 -1.68802870091 0.989075585915 4
1.3444.1086 2.05551284839 0.988964620231 -0.0431529541441 0.966040584797 0.151395042278 0.916934030396 0.037900850301 0.88645067013 -0.0636606875934 0.985433740896 4
1.3444.614 1.6221944795 0.976369392869 -0.0229939738488 0.99132476575 0.144077424358 0.834559764892 0.0494671618448 0.961526462763 -0.556575624082 0.983761701817 4
1.3444.880 1.7995264293 0.979332195424 -0.0224500879006 0.988886875826 -0.04671262493 0.925569475948 0.0798916046887 0.907544082272 0.533341829085 0.992812470487 4
1.3445.320 1.84782778039 0.987252584864 -0.0102343776652 0.974081000365 0.160013614376 0.880258785243 0.044837245288 0.928093134541 -1.08357206804 0.961066717686 4
1.3446.1407 2.11743673512 0.978896606315 -0.0177563652657 0.991573696752 -0.0434832648072 0.949390478212 0.0310483160763 0.895739571805 -0.461451838879 0.990488134521 4
1.3447.783 2.06314415974 0.98875252762 -0.029396968167 0.99561672058 0.115678067729 0.972674149559 0.0471399463498 0.926212143202 0.866654676259 0.994427504512 4
1.3448.153 1.95138665728 0.991502315534 -0.00648779921448 0.994852014034 0.18925613382 0.936867929811 0.0353565196057 0.942245112254 -0.777038738739 0.996033029557 4
1.3448.294 2.01965037134 0.985001199153 -0.011933784912 0.984697618041 0.219389118605 0.973032943191 0.0468386541176 0.94678746911 0.0483483870968 0.982317846932 4
1.3449.149 2.15566808596 0.988559713889 -0.0105646813327 0.993385829997 0.553333032329 0.967193821316 0.0426300354431 0.916582792262 1.51337260274 0.985415511437 4
1.3449.27 1.85491356949 0.939876022854 -0.0113168858011 0.986332545979 0.57763505399 0.942219786236 0.05748339356 0.926808680827 -3.8421988012 0.99244496143 4
1.3449.948 2.01454453212 0.975171442166 -0.0403296902449 0.95578368342 0.507088482027 0.932985960464 0.0693007430488 0.940539632735 2.86716694215 0.952018746026 4
1.3562.57 1.94147479303 0.989332622975 -0.0117757879452 0.981947926206 -0.0713606435741 0.935014001156 0.0706155898981 0.907367223577 -1.45436345382 0.913910090447 4
1.3564.163 1.97757457954 0.991086982004 -0.00796406918574 0.933694795045 0.133491148558 0.889399741216 0.0355315411409 0.924130004071 -1.61017278287 0.992029032871 4
1.3564.516 1.90049633775 0.973249982083 -0.0146366242174 0.973172481609 -0.0238605717216 0.869429405446 0.0795307537037 0.87627818093 1.4622797527 0.985870660542 4
1.3565.99 1.99995062342 0.988137806079 -0.0104617273476 0.985050108938 0.197089113124 0.928273995206 0.0794455032124 0.929234097891 -2.65270750383 0.981513336072 4
1.3566.1669 2.06636533965 0.934863412667 -0.0723623767296 0.924326720384 0.525246217461 0.793256463411 0.0750343764156 0.662055277018 4.7769352518 0.976948382344 4
1.3566.24 2.07213174425 0.942697808334 -0.00472412565515 0.990644131859 0.639499217144 0.909827982801 0.0698376912935 0.836936926524 -1.55695432692 0.965785462576 4
1.3566.63 1.94908828024 0.973400609712 -0.00789194140983 0.984060320922 0.0093034715704 0.976591612222 0.0517053547236 0.96250758692 -1.71358422939 0.994384461186 4
1.3567.1118 1.79836013228 0.993304782785 -0.0083312491922 0.99416138157 0.129193481452 0.945753314809 0.0334114744723 0.867217790998 -0.45225682032 0.989005135261 4
1.3567.1136 1.89972333777 0.992722783551 -0.0137044133618 0.991785106078 0.122750217375 0.965973277584 0.0342920870609 0.924093259914 -0.827139130435 0.984070397824 4
1.3567.1207 1.72075663705 0.992553153707 -0.0148101848931 0.976568072734 -0.00134297483995 0.94050045601 0.0436861916379 0.949772475234 -0.0952493224932 0.978551251864 4
1.3568.288 2.03189319935 0.989173062199 -0.00787356368265 0.98803495927 0.131136436177 0.963911816101 0.0440675652158 0.924155890712 -0.512709736124 0.988989175924 4
1.3568.297 2.13868499449 0.984888309818 -0.0175494966047 0.994874248799 0.125288572304 0.942896024099 0.0581273658042 0.944800536144 -1.68526642336 0.983214609206 4
1.3569.1182 1.92152602648 0.991085027436 -0.0554167781983 0.828410733631 0.0323894735427 0.94496438493 0.049607030398 0.936050086865 2.94001666667 0.986907370519 4
1.3569.71 1.7725566248 0.990746291734 -0.00807040999828 0.982515763802 0.163389942781 0.977790633475 0.0393578893051 0.954426676502 -0.199929219601 0.992380648007 4
1.3571.131 1.87790869203 0.969617414775 -0.00552060132573 0.990440824029 0.12407056393 0.886264523317 0.0708075581105 0.980464701367 -2.18563944954 0.987706273752 4
1.3571.1323 1.97997574624 0.993453935576 -0.0300238404869 0.980877003984 0.188908403139 0.83499889173 0.0376593729439 0.943209461636 0.0182358318099 0.99475029995 4
1.3571.598 1.87401007718 0.970283235121 -0.0444945048445 0.98495247347 0.199445369383 0.915408059346 0.0307575765245 0.90589044495 1.42625609756 0.993642236522 4
1.3684.237 1.81804922414 0.974457028056 -0.0152683092889 0.991144756361 0.592506758393 0.962548913482 0.0512289710478 0.977913689969 -0.582562162162 0.967755347929 4
1.3684.265 2.07043582305 0.992693579951 -0.042034629161 0.985232416686 0.0859188332038 0.971573140539 0.0389877123699 0.870097527003 0.630912307692 0.982853953184 4
1.3685.92 2.04138005307 0.976158552421 -0.0114361613107 0.973218181831 0.200895848334 0.909910821468 0.0597780597209 0.909967153866 -2.69611558669 0.985921764748 4
1.3687.1568 2.013783055 0.967527384366 -0.0641343643665 0.950460374764 0.162159067706 0.943462105249 0.0616068925682 0.909159714566 1.96159936407 0.979474728841 4
1.3687.193 2.03101546669 0.967365484224 -0.0147954777842 0.976866557591 0.0341475812056 0.886084569568 0.0605144912862 0.920471170479 -1.73900190114 0.991271664237 4
1.3687.887 1.90066353953 0.989712262855 -0.0357574694697 0.983422017071 0.0953552670202 0.92637163773 0.066482170615 0.965880736449 1.60685215054 0.98057163253 4
1.3688.1073 2.14479167902 0.988943658277 -0.00755140952832 0.981313484605 0.169987829055 0.897183073844 0.0660923606289 0.939239393662 -0.730322891566 0.988219034992 4
1.3688.1093 1.80285752242 0.991282307637 -0.00545410061554 0.968566469166 0.707722633905 0.975149721455 0.0600228334266 0.897429485882 1.23715418502 0.993708843804 4
1.3690.31 1.9717500361 0.986729200571 -0.0126552848315 0.989222620399 1.05954442326 0.959203891749 0.0304327602864 0.954422819291 -2.32810401648 0.992286098568 4
1.3691.210 1.9867714137 0.986871836811 -0.0132788899316 0.977976685719 0.357200235642 0.855914751691 0.0318708891045 0.922150796898 -1.3656299435 0.991180371037 4
1.3692.337 1.94183045307 0.986924460387 -0.0138144260493 0.961514679016 0.276302198558 0.971680288361 0.022684992028 0.973079270605 1.24601532567 0.989412355083 4
1.3692.66 2.18084031246 0.994337051309 -0.0165593887584 0.995433407978 0.385500526345 0.977400263219 0.0521204828427 0.862880507675 -1.13114705882 0.996191381899 4
1.3804.164 2.00555020163 0.97986299164 -0.0118876862786 0.976552980456 0.104689900118 0.954593622076 0.0409955420451 0.9401940719 -2.32990899899 0.971077482674 4
1.3804.2476 2.01012564034 0.98739353892 -0.0448558766476 0.970354752475 0.102427452255 0.949049772304 0.0530076455542 0.961926563101 1.52757688634 0.978652322688 4
1.3805.176 1.90012295876 0.96623088339 -0.00746332658179 0.988171688166 0.226436229575 0.977295544567 0.0661894084242 0.952144134568 -2.77335229358 0.994479071197 4
1.3805.2115 2.0403717409 0.951189061447 -0.0478017264821 0.9709096548 0.0807248796298 0.904665190894 0.0410481719998 0.947067897204 1.87317873511 0.981708349353 4
1.3805.213 2.13446442765 0.992158170042 -0.0221184468244 0.995912956652 0.00508457105683 0.96482699164 0.03190079909 0.959392574223 -0.874189577718 0.994133889627 4
1.3806.317 1.95273847277 0.969271935815 -0.0112245123671 0.907962110594 0.0782659718207 0.966800258238 0.0514927716756 0.904486046594 -0.802901907357 0.962691283981 4
1.3806.699 2.03641266285 0.987331339599 -0.0241084529669 0.981290072669 0.0634899528589 0.897982923915 0.0294364017867 0.889964468755 -1.03684076433 0.987802227385 4
1.3807.1436 1.95041810925 0.989830044015 -0.0460063710546 0.98583540215 0.0078262409354 0.969905834338 0.038553575913 0.948956996004 3.28856324111 0.991122854373 4
1.3807.48 2.06348136872 0.991752669116 -0.00964734961736 0.995505138436 0.893320431423 0.898178764373 0.0336149145514 0.950567628932 -0.736344693281 0.995427745817 4
1.3808.91 2.0743132469 0.967672808342 -0.0144327386593 0.994185889223 -0.233776699382 0.944456260264 0.0456346832408 0.96285021241 -0.773735620585 0.981143396695 4
1.3809.1058 1.35321075266 0.981523919327 -0.0132920790653 0.973423440985 -0.297773129485 0.901713725614 0.093400857285 0.960060336363 -0.308447735192 0.96109260751 4
1.3809.1208 2.00270226839 0.996704375242 -0.0104072041246 0.971342997471 0.146625423107 0.910956698516 0.0560135413192 0.93544777447 -0.700094216418 0.978720187542 4
1.3809.1351 1.8803258843 0.991465986044 -0.0129068052703 0.98647421332 0.0856131734101 0.885770677899 0.0663701007071 0.925306614306 -1.73332763533 0.972303579475 4
1.3809.2710 1.87473648972 0.991720591668 -0.136468470006 0.969517828039 -0.0264195859732 0.914894647901 0.0515585471769 0.972322577205 1.40726413155 0.990134971488 4
1.3810.1131 1.73727536358 0.983421663102 -0.0437756518226 0.968602523538 0.000126638766678 0.874058461795 0.0552729873833 0.972111005752 4.91942713107 0.995367764244 4
1.3810.19 0.46840528422 0.993370730749 -0.0131993263246 0.993597555183 0.132414857005 0.926274355005 0.0600499700229 0.954508707559 -5.4432142132 0.955169471834 4
1.3810.2163 1.8832543133 0.995458611034 -0.0954338561776 0.98912185269 -0.00183021684197 0.880749042264 0.0537479274661 0.82332989626 2.55538935282 0.980949003779 4
1.3811.138 1.90724129555 0.983366242397 -0.00441738376825 0.997243517055 0.060385337431 0.931115234415 0.090145832693 0.927567423328 -0.702501808318 0.982072171822 4
1.3811.175 2.10404486703 0.972494858108 -0.0187788308763 0.994498003848 0.0996623580366 0.916351415663 0.0463159018885 0.933427254138 -2.50276348155 0.990211873094 4
1.3813.1263 1.44035487831 0.986810386171 -0.0374208867193 0.964385331263 0.243772284793 0.925417164824 0.0457488770328 0.958547362578 2.70270027752 0.989014618759 4
1.3813.52 1.89958554633 0.988867845089 -0.00584961476689 0.991972062626 0.18671327172 0.957753255461 0.0277737580277 0.92471237959 -2.2938133836 0.990524860202 4
1.3814.139 1.92599332282 0.938255024919 -0.0408170129991 0.964426894913 0.00661655819949 0.927442178384 0.0358369974533 0.936913155793 -0.385987630828 0.971300405884 4
1.3924.64 2.01195657031 0.948870734048 -0.021458780697 0.993073719828 0.0507802918626 0.966854343333 0.0257901319922 0.945694104937 -0.860348119576 0.981365643961 4
1.3925.1293 1.97735704309 0.980081680122 -0.0179082545592 0.979926333907 0.138724784637 0.879503597878 0.0288475279165 0.931682142947 -1.28471764706 0.991464359969 4
1.3925.2038 2.0683780973 0.99012745176 -0.0517788384348 0.989835708352 0.0660859938845 0.930013880599 0.0271392465556 0.957527770804 1.54686458333 0.993214132402 4
1.3926.365 1.92547895524 0.982850378652 -0.00908038044074 0.988026060928 0.0668984738341 0.968461640241 0.0499910051459 0.8864591133 -1.30764003591 0.991587000854 4
1.3927.1187 1.99055549382 0.986210002615 -0.0357261627532 0.981413849351 0.175385441231 0.958861555762 0.0351724595811 0.9350783986 -0.600007707129 0.991767068775 4
1.3928.1750 1.93629656488 0.988579305418 -0.0720098076865 0.986149024887 0.298957391415 0.968896205194 0.0398462095273 0.96741467109 1.14963558516 0.950776400413 4
1.3928.463 1.96369070609 0.980179592699 -0.0194141119755 0.975747239231 0.0779275734838 0.884649291597 0.0294143275637 0.933932004971 0.241037071362 0.99205431356 4
1.3929.247 1.88134115034 0.951020874646 -0.0173380181793 0.935151894279 0.146406580123 0.885910911222 0.0488877106944 0.874336124579 -0.210735130112 0.993657060877 4
1.3929.255 2.0579870536 0.982822754331 -0.0111701771506 0.892083144984 0.0947171196733 0.936765136553 0.0314168126802 0.960001130097 -0.0775393559928 0.982976537073 4
1.3930.1050 2.05433739478 0.986209634651 -0.0161354260358 0.987635170822 0.202746652903 0.896673681922 0.0405403440822 0.965701320709 -0.708384972171 0.981182110551 4
1.3930.1143 2.03734081645 0.988619597575 -0.0115312887086 0.974690567291 0.092568546341 0.938304756501 0.0623842367215 0.94845901851 -1.62896783088 0.972550557202 4
1.3930.1846 2.00554851076 0.989802235555 -0.0252733109525 0.956056560243 0.129395150319 0.971052850601 0.0575530497488 0.881765038091 2.57495786758 0.957051482536 4
1.3930.962 1.55044789697 0.971147766255 -0.0221558204722 0.994494103793 0.342258786251 0.954225609421 0.0525744559165 0.970183477037 -1.0226351706 0.988649226836 4
1.3931.127 2.07501712454 0.97368583452 -0.00663635031514 0.989291020707 0.0302858674862 0.950854541288 0.0395297436845 0.949204850807 -0.424656509695 0.988069468164 4
1.3931.146 2.01491147961 0.973196984427 -0.0052942466159 0.997264182516 0.271407342938 0.941278267346 0.0551729813228 0.973245549232 -0.0358559027778 0.984704382111 4
1.3931.98 1.59705953238 0.992242631789 -0.00830637209268 0.977429872348 0.658890505323 0.969247167026 0.0615824286199 0.960803956261 -0.606008826125 0.972209371807 4
1.3932.110 2.07242619542 0.982864057451 -0.0099032044065 0.991036084461 0.287566564034 0.947091290185 0.0600300783028 0.884428976396 -1.83803565062 0.984543784114 4
1.3932.557 1.26345908411 0.988530263372 -0.0246358153851 0.992917012331 0.0521057169597 0.945004278981 0.0528081625325 0.966035964165 0.544574368569 0.995756776785 4
1.3933.329 2.06857664114 0.977852773346 -0.0124256899244 0.986194499389 0.108533297086 0.947272311483 0.0471188871157 0.927053852131 -0.958229185318 0.992826719195 4
1.3934.683 2.06426501107 0.988768121707 -0.0206192510399 0.964654232295 0.136736505889 0.91471848257 0.0521527496614 0.960995564597 -0.980528440367 0.983648795354 4
1.4046.2388 2.03142317842 0.991405334697 -0.0350668257486 0.987599815586 0.0184071973731 0.96367520896 0.0375985513341 0.878323223788 -0.254277013752 0.962405997575 4
1.4047.2469 2.00938044537 0.990828696845 -0.0713591782738 0.978242756827 -0.00275392035588 0.975038450507 0.053858195186 0.956726282634 0.290058651026 0.969965018454 4
1.4047.536 1.76324622865 0.967888523655 -0.039848966216 0.985973693729 0.131625502363 0.85542968459 0.0418778879947 0.94817956298 3.00162559694 0.996003482307 4
1.4048.1635 1.88524553143 0.992824528079 -0.0271044555544 0.996572622708 0.672709185439 0.944361980554 0.0509862238461 0.94368122067 -1.38386923077 0.986667567756 4
1.4049.169 2.04261705419 0.99142317903 -0.0108598868001 0.934653946377 0.303878423502 0.959354365665 0.0456002632042 0.940577156302 -1.377443769 0.988513552948 4
1.4049.1986 1.87644125333 0.941184886406 -0.053375354796 0.983424938026 0.275087457664 0.744738662472 0.0893284178844 0.76392854719 1.20624157303 0.987585554959 4
1.4050.107 2.14682725995 0.98274292192 -0.0169850832992 0.991652795251 1.00132337254 0.921855691771 0.0322924840075 0.871514682086 0.679188053097 0.989776479918 4
1.4050.1680 2.01385203849 0.994855987392 -0.0273152891455 0.991512672933 0.481392641079 0.975765742959 0.0336228552818 0.940953036731 -1.05898417132 0.995424528217 4
1.4051.2318 1.81441704095 0.975330205184 -0.0113676720462 0.879540206377 0.181952828266 0.980242255331 0.0593456085564 0.951560030245 -1.2278 0.924783141399 4
1.4051.445 1.96787907186 0.962085228979 -0.0112735298381 0.742211460772 0.0383271829235 0.974964873848 0.0281739688595 0.95622454538 -0.621335271318 0.981654477041 4
1.4051.479 1.75259379186 0.983142549216 -0.04210826909 0.984949686133 0.355608431027 0.837448051441 0.0243784227344 0.890573584438 1.97428846154 0.979465843079 4
1.4052.2379 1.89143264343 0.980181909559 -0.0108075481456 0.975105271246 0.164398981302 0.85674530322 0.038183098722 0.945324038044 -1.93107341092 0.983673720045 4
1.4052.2486 2.01675053051 0.990677327013 -0.0107751820608 0.988172159921 0.229141460453 0.965592866892 0.0363570839986 0.955657910563 -0.706466216216 0.974563496159 4
1.4052.379 2.00001685506 0.978696556972 -0.0222079320534 0.938906370942 0.210785374388 0.945139549768 0.0388740237679 0.934803201223 0.27052791381 0.987507539502 4
1.4053.146 2.09471112346 0.990055215593 -0.0180243812295 0.88205653146 0.190828205814 0.965292197144 0.0444406336908 0.968748192044 -0.720682997118 0.992320827241 4
1.4053.197 1.93872145942 0.993869083027 -0.0172727176508 0.976723923119 0.386350777273 0.933014834135 0.0353442068119 0.942859425702 -0.532890207715 0.972722787147 4
1.4053.208 1.85360576447 0.969197088194 -0.035330154991 0.95730236787 0.38490508773 0.946839099688 0.0731655576037 0.879563592995 -0.737356803045 0.974792459909 4
1.4053.255 1.95046059693 0.991196983612 -0.0306549014238 0.891552209296 0.152541500683 0.926907128736 0.0362348802195 0.943120841531 -0.710028182702 0.948711267935 4
1.4054.2524 1.99405240371 0.986997669782 -0.03928895078 0.989889889135 0.229745274533 0.964128507032 0.0372061491913 0.915885007097 1.054893186 0.991406388956 4
1.4055.98 1.33200670893 0.990049136875 -0.031002068504 0.989268375548 0.394780423974 0.963933782573 0.0619988011159 0.917019893326 -1.23603965184 0.975370003254 4
1.4056.186 1.87112072484 0.975688428612 -0.02128317505 0.985909977112 0.0335259067054 0.964609526844 0.0526798229668 0.88923986699 -1.03231528046 0.956967418949 4
1.4168.1754 2.10806516417 0.964817032819 -0.041302687335 0.994835696596 0.197435649436 0.921883269777 0.0376649424332 0.938236563061 1.58044515539 0.994912710856 4
1.4168.192 2.0357982564 0.986762760885 -0.007688858492 0.983426026604 0.186346981495 0.780967986139 0.0509117918115 0.949658940352 -1.13704931507 0.981485491761 4
1.4168.409 1.7593148668 0.989965451097 -0.00820250696077 0.97984128847 0.0128687847263 0.902309650273 0.163170917617 0.860225512651 -0.526982217573 0.971992517251 4
1.4168.434 1.13211437349 0.984942465539 -0.0380521611404 0.989651865899 0.0301632148351 0.952722749593 0.0435543413671 0.933438143999 -0.0239838383838 0.968367523494 4
1.4170.1016 2.11720614764 0.972907420821 -0.0200015848525 0.976781000592 0.130839236119 0.968722364597 0.0532697867752 0.927763817898 0.694311312217 0.969262859235 4
1.4170.316 2.05785438279 0.965705373943 -0.0193001603221 0.991734678292 0.0524755538857 0.935120262711 0.0413769957829 0.938491260121 -0.635703306524 0.988756118227 4
