#Macho_id Sigma_B Sigma_B_comp Eta_B Eta_B_comp stetson_L_B stetson_L_B_comp CuSum_B CuSum_B_comp B-R B-R_comp label
1.3567.1310 1.64931378565 0.945577503861 -0.0077654947399 0.919071450882 0.685287569145 0.812413605458 0.201772859149 0.81201192595 -0.373073593074 0.969392288106 2
1.4176.155 1.72296796132 0.809544543567 -0.00625731807575 0.810445947464 0.191016543758 0.8760109282 0.0840227032564 0.890424048095 -0.335518018018 0.96395781095 2
1.4410.291 1.97428884539 0.960190844155 -0.0133116977484 0.843657725906 0.692743732595 0.698395072415 0.121413677242 0.868405248076 -0.313613207547 0.943322011844 2
1.4413.373 2.03610897122 0.977674282566 -0.0292534741409 0.868120539987 0.502406895371 0.541270287934 0.0873905050606 0.873431517021 -0.398688372093 0.845705234784 2
1.4530.136 1.44546683253 0.951361004123 -0.00558932322862 0.893211270331 0.441459707534 0.558527250418 0.227562364487 0.732317070842 -0.0647224880383 0.837162478972 2
1.4538.531 1.50485391395 0.918621620259 -0.0102325160152 0.757037225653 0.0455155910442 0.564973337619 0.174442114735 0.694094928533 -0.319602040816 0.945989065755 2
1.4653.105 1.47883287408 0.878074235001 -0.00367806772513 0.903398071054 0.787969977491 0.939008106178 0.21129425556 0.804630080801 -0.397070484582 0.932985268132 2
1.4659.335 1.51015505867 0.876390420699 -0.00287655596426 0.953488900627 0.290112351882 0.778311446086 0.199835295342 0.588885786809 -0.322353535354 0.847748446696 2
10.4279.1493 1.01073592542 0.968252070967 -0.00349322527819 0.886886952571 1.1622288982 0.661232574121 0.296635431529 0.702338674033 -0.20064375 0.920480633278 2
11.8751.968 1.35217116073 0.919097645663 -0.0267988062316 0.920967553237 0.371332704576 0.780896083168 0.193918830124 0.904646581564 0.363956521739 0.853750549207 2
11.9358.200 1.11309927342 0.98229189574 -0.0118785408667 0.926947936115 0.639216337111 0.729864892611 0.245073398175 0.815954555355 0.0455527638191 0.915493515169 2
11.9714.184 1.47692831213 0.973450239907 -0.0111262211962 0.974980199199 0.947166650492 0.80580247954 0.148613297036 0.605000969067 0.122121495327 0.981718949185 2
11.9720.68 1.83786905952 0.935829764621 -0.0030659347315 0.665118521532 0.365764644781 0.792573380482 0.117394035634 0.689867695925 -0.0677708333333 0.788987996117 2
12.10561.1161 1.94834452283 0.978214884524 -0.00876047980733 0.807231122735 0.0580653225331 0.825380219784 0.104503048881 0.896670842934 -0.132605882353 0.92591439652 2
12.10684.267 1.93814939429 0.901873875764 -0.0123921360379 0.954245577585 0.316506137263 0.752354918769 0.0922684260051 0.76681390161 -0.167404761905 0.964305850811 2
12.10926.76 1.1691857584 0.785414270884 -0.00356184599387 0.934397424365 0.490221076997 0.756979911317 0.295647691186 0.578384586067 -0.0604545454545 0.838483941101 2
13.6689.2365 1.91683223684 0.934938962631 -0.00571514399798 0.933834362652 0.549416544343 0.756085262256 0.142598296324 0.734566046266 -0.284094117647 0.877089459764 2
13.6931.2479 0.325837577975 0.588310844854 -0.00956267637603 0.790540186887 2.45853571959 0.326166435875 0.428017564715 0.519280441169 -0.36656097561 0.881679964215 2
14.8493.39 0.293334826531 0.784385130006 -0.00769252672706 0.622007997566 6.40117361413 0.469274105598 0.434318909015 0.337935436652 -0.21027 0.844917455148 2
14.8622.3551 1.79987930106 0.960536116432 -0.00520822245225 0.890760424855 0.149905666451 0.713858119284 0.18583918094 0.648514067206 -0.496920903955 0.950936941153 2
14.8863.660 1.30129589479 0.899806071235 -0.00497347224462 0.981553950868 0.4227944611 0.863202788686 0.204205890496 0.833982198183 -0.23290960452 0.944043868133 2
14.9587.87 1.60661385643 0.945451412184 -0.00895939336278 0.897644371016 2.31439771252 0.605986997937 0.16020922423 0.513754698824 -0.145544444444 0.689870815032 2
17.2102.357 0.979408552868 0.877274599802 -0.0179595461755 0.947238163082 1.61374348858 0.265199800709 0.356787953531 0.193001614007 -0.506418181818 0.928832370305 2
17.2105.71 0.522891044906 0.775321905885 -0.00641528391144 0.830111370062 2.71847825714 0.649484941282 0.384502784591 0.407830983686 -0.300141304348 0.903287762636 2
17.2108.72 1.03820035768 0.889211639227 -0.0049810274078 0.710285124367 2.06131185244 0.345919532861 0.324421884707 0.790253763466 -0.193034883721 0.945993195356 2
17.2109.108 0.31279990883 0.643671871636 -0.00874057432605 0.568736950005 2.76726589897 0.51481369364 0.430263764467 0.581315421269 -0.371252873563 0.948386002529 2
17.2469.222 1.80689394953 0.922758526507 -0.00734298489617 0.736167042847 0.641467373086 0.768113767611 0.17713893248 0.743851834148 -0.384707865169 0.85265058984 2
17.3076.164 1.58496013026 0.756162421564 -0.00824102971499 0.720517053776 0.223762304275 0.209253598388 0.199909108387 0.081555061532 -0.487974358974 0.81260572884 2
18.2483.95 2.08720727799 0.926794172036 -0.00460967152249 0.90996379612 0.5015066544 0.617037358701 0.1138637681 0.508882157141 -0.180935251799 0.955647962165 2
18.3445.4646 0.7828832667 0.761618599067 -0.0148574379538 0.927196103238 1.10828182021 0.860830000971 0.339195788679 0.882971425585 -0.402389705882 0.945938363131 2
18.3446.4192 1.13477961483 0.735473982188 -0.00401650421264 0.955996004237 1.23831843946 0.734411945381 0.326353310279 0.672995336109 -0.416173611111 0.917838501353 2
19.3574.89 1.77618562194 0.910373100406 -0.00273115193347 0.840481832056 0.367246994079 0.781286839285 0.141641951232 0.737202978637 -0.435319148936 0.876407146389 2
19.3817.109 0.950449229199 0.805221922363 -0.00488166482443 0.763723669441 0.862946764473 0.7938925219 0.25856434027 0.721526067203 -0.432096774194 0.953632877131 2
19.4306.88 1.6014054511 0.90711962525 -0.00827499367488 0.718900184856 1.0326028309 0.769456854973 0.243140612101 0.756802554858 0.0634220779221 0.9397338248 2
206.16717.81 0.857288778014 0.908508106906 -0.00311404261718 0.982534454089 2.20440388346 0.488474508289 0.366813066375 0.556023882261 -0.318184971098 0.884459229108 2
206.16943.1467 1.62843018021 0.968854839204 -0.00642409378885 0.979350132392 0.634362281314 0.639298957155 0.237841231745 0.659415244711 -0.39031547619 0.855585476609 2
206.17003.54 0.484443232944 0.920802283342 -0.00835361776467 0.858994850415 3.95853440748 0.774050948363 0.336130675686 0.793282994153 -0.0416987951807 0.96238209166 2
207.16253.210 1.87106531042 0.900434178559 -0.00522737724528 0.959374756315 0.371797210065 0.668580793088 0.148534391488 0.633357437182 0.461124087591 0.933596149011 2
207.16256.307 0.250587010529 0.950199032259 -0.0150021937994 0.698084365017 3.39004540108 0.570272270386 0.409376839077 0.756727238782 -0.0642686567164 0.965866008756 2
207.16259.243 0.878718340546 0.983757034585 -0.00634095817566 0.785777081935 1.00514171087 0.897720298989 0.287479258007 0.851745193599 -0.462426395939 0.966678102041 2
207.16309.362 1.71505643819 0.751151773334 -0.00800400673279 0.971145907727 0.0895347944567 0.626381412035 0.120483894765 0.912699987293 -0.485036842105 0.792831626631 2
207.16369.202 1.29178774678 0.78635427114 -0.00409283807393 0.782497780727 0.732016138552 0.743247414876 0.244233557874 0.660139070786 -0.541724867725 0.797225466855 2
207.16370.107 0.481305355138 0.901502752719 -0.0113059533974 0.795312459082 3.48114901208 0.777195090098 0.357474463727 0.807180520045 0.711645502646 0.927118307182 2
207.16483.111 0.223337335609 0.993012685004 -0.00590629896781 0.918207545108 3.29073064327 0.726553242792 0.344677118116 0.598300939582 -0.216542553191 0.987088368356 2
208.15912.448 1.73585809214 0.863619189608 -0.0221906380885 0.729089781007 0.510772999901 0.669060698744 0.18352941789 0.829358594984 0.689725388601 0.973817671667 2
211.16249.191 1.57431515025 0.980001939255 -0.0109874787031 0.882476796674 0.241931493174 0.650843526583 0.177413329595 0.741043340081 -0.179874015748 0.951537214205 2
211.16301.73 0.661094519447 0.567678169102 -0.00557509160055 0.973641644474 1.59684630804 0.541088042471 0.400953327584 0.585159516124 -0.501294573643 0.909701190471 2
211.16419.222 1.07660843121 0.953994523287 -0.0142998034619 0.916524733916 1.4146751861 0.551190821735 0.301902142816 0.646932645946 0.409803468208 0.832212518023 2
211.16538.130 1.19351636306 0.82545417123 -0.0034472971563 0.96020000165 0.722986827294 0.79313268658 0.291087158012 0.772365676111 -0.354675 0.96759033679 2
211.16591.58 1.44637182838 0.945661893727 -0.0115576120421 0.960339469774 1.30132148339 0.868926706001 0.200518263279 0.794085769903 1.06148587571 0.971802552818 2
211.16766.157 1.85916128293 0.840390583159 -0.00849959812398 0.945517631929 0.0266037966718 0.494349663288 0.133187565729 0.538220795704 -0.450716981132 0.958917334533 2
211.16816.33 1.03851011987 0.911460407351 -0.00752086716098 0.619309246241 0.70029395204 0.702539788355 0.286710697106 0.695680907466 -0.47531097561 0.954819865244 2
212.15675.121 1.44157016226 0.953439172413 -0.00536486875007 0.925949832602 0.740721393624 0.763714920239 0.199899641848 0.555742213415 -0.0675434782609 0.935782900452 2
212.15681.412 0.27576002163 0.642821836911 -0.0644958349125 0.930937843027 2.62383470582 0.623761388145 0.4156909232 0.692747819828 0.329278947368 0.957132134827 2
212.15734.4938 1.24231599577 0.865854470563 -0.0288087311502 0.955947929333 -0.160555232566 0.688692279017 0.249697422332 0.811641912508 0.504770833333 0.879828919893 2
212.15790.340 1.39767520665 0.88270621978 -0.00624245344328 0.955564013157 0.728915043609 0.808649469818 0.216694686777 0.888516139373 0.201572164948 0.897996412616 2
212.15843.58 1.03449413566 0.786811890718 -0.00488985747256 0.982894837009 0.716251735809 0.863260214942 0.321317266579 0.750119942277 -0.243867021277 0.915536204832 2
212.15851.175 0.472464527177 0.829003077031 -0.00628364141068 0.837163902151 0.257751849225 0.705717227367 0.385941131365 0.731199260012 1.6080872093 0.93284806183 2
212.16020.57 1.32631885471 0.901916581914 -0.0017021939998 0.845384677218 0.0429517132894 0.77374125618 0.221304644262 0.75572291509 -2.83240414508 0.944381694418 2
212.16071.186 1.36409797562 0.773950546754 -0.00791878405346 0.680009955368 0.0474738546554 0.598102892391 0.217798374501 0.791297156039 0.767039106145 0.769734825901 2
212.16076.102 1.98492128846 0.909499804529 -0.00595042787188 0.944964343973 0.0614672985837 0.126362738037 0.148117414533 0.370470818754 -0.4021875 0.758114269382 2
212.16076.3964 1.68923193486 0.951247844448 -0.0153269814936 0.911135868248 -0.137168488686 0.693048776907 0.171312964319 0.798027633037 -1.76413333333 0.637007771162 2
213.15561.115 0.497211234861 0.621653169595 -0.00488725339242 0.59829907268 2.81456245771 0.599096696867 0.412829218742 0.483922978234 -0.472293413174 0.56303873391 2
22.4873.3357 1.1698496416 0.909731183256 -0.00396319398581 0.91788842382 1.28067537693 0.699836951457 0.291145484037 0.801176158252 -1.07936842105 0.643548493932 2
24.2740.150 1.90259737819 0.960251418738 -0.00573672542453 0.959247970236 0.0386067164654 0.488350895679 0.104416459698 0.736891537622 0.887933333333 0.812464987894 2
24.2741.38 0.869242534785 0.879500380525 -0.00488011349521 0.852682109999 -1.01935716926 0.545381167279 0.320274007943 0.546913517945 -1.13137254902 0.790568266816 2
24.2853.51 1.73960206184 0.870848176896 -0.00381970060894 0.69098048025 0.867360526207 0.48361882845 0.20510624931 0.540872720853 -0.743176470588 0.762006665462 2
24.2854.74 0.56474549206 0.64126637827 -0.0114486475951 0.800187818119 -3.77784579342 0.496522648818 0.412942992207 0.525226066353 -0.658057692308 0.677183511043 2
24.2854.92 0.573698425976 0.969808877795 -0.00665037293291 0.880599269912 -0.70493075469 0.779195566853 0.355605236405 0.744232014552 0.0553246753247 0.681169646872 2
24.2862.82 1.72295075734 0.961495883783 -0.00288034010716 0.914713519371 -0.597952854731 0.319832610093 0.211936744769 0.287969007634 -0.268322580645 0.845101911647 2
24.3105.48 0.158561900979 0.878498587799 -0.0088954715066 0.794414409458 1.06874255456 0.589093743476 0.430199249693 0.670720460613 -0.616807692308 0.845066374864 2
5.4652.8060 1.54473082822 0.953779353326 -0.00546994085438 0.987912477319 -0.287056710238 0.680277488314 0.217366266391 0.835710388849 -0.0128201058201 0.913936481403 2
53.3362.75 1.11245145484 0.680991664664 -0.0176655205327 0.74277743857 0.386716870129 0.57378363031 0.253925464779 0.451957431178 -1.97214285714 0.809612528585 2
55.3367.61 0.320497112212 0.834044500548 -0.00565624539383 0.831187452848 1.76261270942 0.513460361803 0.390914926339 0.497131429941 -1.44872131148 0.550547908802 2
55.3488.113 0.974804409336 0.939889786592 -0.0167477547358 0.923091968402 2.47629927679 0.620925768966 0.326394059021 0.516235377566 -0.868671875 0.95968742442 2
60.6984.54 1.92161577414 0.918622734385 -0.00521360420717 0.607272708114 0.010037897969 0.5367065037 0.159353608394 0.396936480203 0.606254901961 0.88984566484 2
60.6990.36 1.27262648663 0.870819869001 -0.00259243445249 0.886448548642 0.62632367926 -1.0 0.278579675868 -1.0 -1.04408695652 0.716114119754 2
62.6636.1755 0.43993235858 0.691288513607 -0.00380321330351 0.383263013928 1.03184656312 0.502628218253 0.445159055561 0.644635912586 -0.59905 0.87994790523 2
62.6749.2315 1.49255816865 0.887300378129 -0.00335633581031 0.962370162359 0.129849692337 0.656095728447 0.21909134056 0.633996649966 -1.46807142857 0.836255183439 2
7.7180.314 1.7757894072 0.934602726364 -0.00680027866594 0.982971890868 -0.450297685994 0.833299400026 0.206188611487 0.769965398613 0.07825 0.692936833258 2
7.7662.182 0.730233494006 0.968759544308 -0.00659590707594 0.943651075134 -0.469611377554 0.661511715793 0.205644235328 0.582380084208 -0.557078947368 0.91005582652 2
7.8387.210 1.74389354584 0.937653637765 -0.0104048335007 0.661888481459 0.1814680756 0.716794708128 0.140355200837 0.652963509363 0.508181034483 0.951006126743 2
7.8389.147 1.00591339406 0.961683608009 -0.0112742414879 0.913621219947 0.630919748353 0.743653722881 0.294367273704 0.775935338891 -0.565678571429 0.951291880321 2
78.5860.310 1.17036470036 0.911283632514 -0.00540265313661 0.957125655204 -0.2439264066 0.657092899668 0.270774832631 0.834742659238 -0.487330033003 0.905016667946 2
78.6100.453 1.30065523185 0.918286387841 -0.0071213695717 0.910464275736 -0.302680628749 0.870948088974 0.229685102905 0.765073110959 -0.424926421405 0.803224811985 2
78.6342.306 1.60956727192 0.925694300822 -0.0131223834197 0.894492915467 -0.383441334307 0.654870554517 0.14358599864 0.683268339264 -0.907051470588 0.920050282565 2
78.6827.881 0.762232404859 0.962152663047 -0.0546289935531 0.830085033432 -0.155744512783 0.798413698375 0.274890176166 0.816922658932 1.47761151079 0.785957094081 2
79.4655.4750 0.776123415076 0.946951062221 -0.0157169982674 0.927550156837 -0.150232542941 0.83508097155 0.339135745086 0.945178991723 0.555462745098 0.869676547301 2
79.4656.3643 1.44141498564 0.870993509997 -0.0517809150522 0.861431135805 0.309972816257 0.65734692041 0.259169425357 0.703005474866 0.661691780822 0.911396126739 2
79.4772.148 1.84075770111 0.978412471882 -0.00389944773832 0.931754755536 0.481399780736 0.850652585963 0.178747104158 0.8377061138 -0.614897810219 0.947490104579 2
79.4898.216 0.877001491199 0.743189966681 -0.00705950878566 0.800617430185 0.244475002168 0.552425820811 0.351196900439 0.653765132434 -0.926428571429 0.929336861885 2
79.4900.413 1.76669659827 0.982794701825 -0.00762894406549 0.816477822642 -0.00670877524383 0.801045026536 0.168800901255 0.86427444683 -0.00965900383142 0.881359630852 2
79.5377.288 1.85076534103 0.976253819021 -0.00543990174082 0.894920274088 0.00845563199482 0.901997662541 0.144319223712 0.76827112549 0.530831541219 0.673830045351 2
80.6708.5218 1.07040454433 0.899623703492 -0.00676605760274 0.877515904604 0.321397342731 0.843361053937 0.22154022045 0.834183279237 -1.14353358209 0.911193476184 2
80.7071.3521 1.52518679861 0.965664019125 -0.0221429241403 0.933379898302 0.165203241158 0.833993057908 0.146083654861 0.746164328758 1.86900724638 0.940839536945 2
81.8519.234 1.37408045375 0.852745593704 -0.0123950946811 0.952021097649 0.0191727795688 0.871610857376 0.252191526976 0.470319466338 0.20179558011 0.749143794935 2
81.8520.155 0.843509323519 0.942646458188 -0.00605954903695 0.97491689797 -0.357194999329 0.881333086317 0.167648875228 0.62103360754 -0.739254237288 0.93775340582 2
81.8756.399 2.13157223625 0.978903732711 -0.00984380327242 0.93735586972 -0.114333042354 0.920962326673 0.0921809115401 0.837115611278 0.469280898876 0.900348606545 2
81.8884.125 1.48086605635 0.944585635885 -0.00416859958989 0.950621539066 0.579618569992 0.601257259647 0.239012249947 0.731352018472 -0.611227272727 0.774920445149 2
81.8885.145 1.95067829977 0.928554075812 -0.00364444882142 0.935287033677 -0.32074700591 0.85398534539 0.192917596816 0.835078031949 -1.2386300578 0.77036375775 2
81.9361.377 1.00059827138 0.945123324366 -0.0125640410437 0.751427579242 -0.193115488867 0.632275821277 0.335365465378 0.685276644542 0.978709497207 0.727644373107 2
81.9362.110 1.46953366238 0.904929158573 -0.005387082008 0.942209224864 -0.490507379031 0.813861422236 0.195173368493 0.667655457208 -0.518563953488 0.807758648462 2
9.4270.31 1.88609650215 0.956125106362 -0.00281106279239 0.972276207131 0.197034368801 0.612139154609 0.144558431972 0.529558039856 -1.82159130435 0.72257753426 2
9.4512.139 1.53874611328 0.95990547705 -0.00579754170584 0.910721679316 0.0617590616914 0.823589633481 0.187283539226 0.845994264445 -0.213520833333 0.875855247338 2
9.4520.158 2.00044781849 0.945451433588 -0.00336119582619 0.899806519543 0.0135419178496 0.774818710582 0.123362678225 0.807986765414 -1.91630456853 0.935643061943 2
1.3441.15 1.07848230715 0.888955633661 -0.0287184290423 0.982258856738 3.37231945921 0.727097481015 0.125065998256 0.834695746492 -1.2681641791 0.97954877997 3
1.3441.45 2.33819562756 0.936574265751 -0.0289088631025 0.950055659846 -2.09002928849 0.703835957665 0.0854833562169 0.816760856446 0.211056451613 0.950460385649 3
1.3443.26 2.12524407095 0.972273920772 -0.0175777994095 0.970454042675 -0.0760808897595 0.808750471193 0.0857771350183 0.740066442953 0.07268 0.95287701009 3
1.3443.30 1.8304701672 0.936679254648 -0.0198197277418 0.911482227868 -1.82939440378 0.793834013783 0.0750834738977 0.920714029218 0.0361806167401 0.9513068207 3
1.3447.36 1.69626537706 0.917278350489 -0.0292571129898 0.984590144767 4.67565029439 0.87875306059 0.103304883793 0.8171500705 1.801625 0.986517884471 3
1.3448.13 0.648418267258 0.964788169631 -0.0284296978005 0.967292313828 -5.00532501814 0.918856230258 0.0972738273816 0.632941845847 -1.57605022831 0.950239476199 3
1.3449.62 1.56535587869 0.948659626051 -0.0233759344295 0.938622820947 -3.68384559524 0.6222126988 0.184962867876 0.509447556389 -0.0321764705882 0.905498251796 3
1.3451.33 1.32484822925 0.980680504524 -0.0256463983389 0.976184397772 3.15980232766 0.864299510496 0.0883527268275 0.824636343569 1.12784117647 0.943344748401 3
1.3451.9 1.80873598281 0.944504648644 -0.0201529894962 0.880872125714 -3.36895175843 0.532846427851 0.0892003115979 0.72015967059 1.1871484375 0.938419686217 3
1.3562.12 1.05767362487 0.910409250925 -0.0193245232991 0.981470561114 0.79279585488 0.696862242575 0.174552637035 0.878555213278 -0.367323529412 0.862913024875 3
1.3563.34 2.13621922817 0.784875814805 -0.0215375464054 0.920238306402 -4.10747146164 0.564514168711 0.164261287925 0.530175290425 -0.279707692308 0.875991503302 3
1.3565.47 2.08610206019 0.92583934638 -0.0266007787497 0.963163546803 -2.45198797411 0.750977446919 0.0850733388506 0.478865804053 -0.360402985075 0.94769186145 3
1.3565.87 1.81259895958 0.928026162599 -0.0132814401693 0.991284679328 0.216126365651 0.828201643098 0.101241899984 0.870826160583 0.0134155251142 0.983427081825 3
1.3567.1010 1.78831498919 0.968940713395 -0.0259803332738 0.964978378055 -4.89047101267 0.890097384674 0.0862993331485 0.835692568403 1.24903167421 0.943609059369 3
1.3570.29 1.77597325587 0.937451376672 -0.0151580533553 0.983538204469 1.37659507864 0.786866458637 0.0751031607151 0.888749210224 -0.20759009009 0.969019922688 3
1.3570.32 1.98837218626 0.938098103836 -0.0249560564982 0.96238559804 1.9583300252 0.713612464187 0.0953524066263 0.896710107548 0.690206278027 0.95856549215 3
1.3571.25 1.85750082632 0.952116974956 -0.00822973248321 0.968690993396 -0.706635877293 0.770359823577 0.0776215179563 0.822885193399 -0.180932126697 0.950670406922 3
1.3571.31 2.01969040397 0.945319359229 -0.0298447976484 0.981654158548 6.16391881207 0.869433162251 0.0552718994158 0.738454395695 0.0487546296296 0.935600565376 3
1.3572.23 2.23834874641 0.926704113392 -0.0465804519291 0.97433599941 0.620877561161 0.663025171781 0.0708602948585 0.646901729639 0.566325203252 0.97201238851 3
1.3683.25 2.2270052799 0.962693222974 -0.0167640296309 0.930018724979 -3.64451922868 0.797777749859 0.065898422572 0.659153079578 -0.171056451613 0.895100904498 3
1.3685.41 2.00072048857 0.819993751936 -0.0326938170615 0.936949474126 3.30641521845 0.848843448381 0.0914522107953 0.634500243589 2.22237903226 0.955863423626 3
1.3686.7 0.459705327536 0.985093725369 -0.0361249273436 0.960590427651 3.8328361029 0.861999815185 0.0909068430343 0.787240338692 -0.390295454545 0.940608349774 3
1.3689.21 0.63465630551 0.984200075796 -0.0144325667412 0.965656328535 2.80208861875 0.715064791359 0.137544943502 0.884521369116 -0.531241071429 0.937047027497 3
1.3691.19 1.80109608622 0.939488454854 -0.0177120624188 0.990471163892 1.61459240901 0.897968927308 0.0832324717983 0.880267777574 -0.295085201794 0.988073385795 3
1.3691.32 1.7644443647 0.964603208127 -0.0167060014794 0.993986070091 0.428706595606 0.662363739657 0.0888728520792 0.884048675008 0.180022727273 0.959558231283 3
1.3691.37 1.75362282908 0.949976588624 -0.0219544046787 0.932014054079 -0.252345562629 0.87217280809 0.0749856685785 0.637028641587 1.65633936652 0.962249752934 3
1.3692.16 0.637762719278 0.957997379825 -0.0315813506314 0.976254900515 -6.53088898628 0.740862419684 0.0956081740542 0.893904308352 0.186896860987 0.961075755701 3
1.3692.17 0.541961323365 0.984050636237 -0.0246116598511 0.966438300662 2.50664705111 0.881523598774 0.14045984345 0.779888352732 -0.4988 0.978161092323 3
1.3693.11 1.82487444681 0.958471170441 -0.0135548299701 0.982995218277 3.76994259827 0.721585407182 0.0873089807335 0.853902972499 -0.0249306930693 0.987712684049 3
1.3804.26 1.60834768808 0.966146746865 -0.0225623979809 0.96098506233 1.38914240399 0.772444323987 0.0929060493219 0.881989290247 -0.447797169811 0.927563168052 3
1.3805.47 1.74690741632 0.955699802518 -0.0210151055756 0.946835818755 0.145971287707 0.73886238932 0.0672076909354 0.679691739401 0.370148837209 0.885134451035 3
1.3807.24 2.07089613502 0.972517934504 -0.0176906546674 0.986313868674 -1.84711188984 0.773355721517 0.085493501234 0.830954988015 0.721412698413 0.962512032528 3
1.3808.12 0.936400694777 0.921642270055 -0.0239942996028 0.972903778809 -5.48621071606 0.839779032471 0.0933996897022 0.675547638976 1.08588669951 0.968251460922 3
1.3809.937 0.666090373412 0.986649569809 -0.0286411317423 0.965933895459 -9.25542250051 0.757553153122 0.0816239088581 0.870963135668 0.21143255814 0.97515202328 3
1.3809.938 1.42985981338 0.817072827206 -0.0158131657964 0.993444266872 -7.60178919425 0.604235675947 0.0645798473346 0.886601929307 0.9891 0.979148466306 3
1.3810.11 0.548437208655 0.99035809989 -0.0362320069414 0.953668676449 4.1141963251 0.852232697119 0.124699293697 0.879986198284 -0.373401826484 0.923128822935 3
1.3812.15 0.767440551395 0.974792311737 -0.0226312629902 0.964214485062 1.73110861193 0.855412771079 0.105670779623 0.877705525954 -0.00383783783784 0.975440510941 3
1.3812.18 0.901219321306 0.948030273511 -0.0180073970106 0.974928419205 2.65757444906 0.858205047273 0.0755489622931 0.914479923342 0.640754464286 0.902042394236 3
1.3813.7 1.15080918539 0.92135124747 -0.0128156961156 0.964975719057 1.99420718024 0.688629521854 0.078258004575 0.858662250907 -1.04865853659 0.943643278201 3
1.3927.29 1.52959558506 0.944207693807 -0.0326661223027 0.993926346518 0.908787574743 0.883997093329 0.0861623290997 0.829783682441 0.0500509259259 0.985029634906 3
1.3927.46 1.75442407885 0.912988199522 -0.0253474726039 0.98574481993 1.48688063996 0.825761523372 0.0578102324986 0.812045537774 0.0716467889908 0.984282291243 3
1.3927.58 1.64021840511 0.946509517435 -0.0265563068297 0.991442842122 0.110237782449 0.756259384792 0.0963994198664 0.794974525363 0.88600456621 0.917536801402 3
1.3928.26 1.73506207899 0.951486676733 -0.0149143337404 0.979421256029 -0.395444906741 0.813290380811 0.0852850082454 0.802048414762 -1.33524736842 0.971508625247 3
1.3929.107 1.70754262422 0.961761521862 -0.0334969718255 0.955741281343 -2.16488705122 0.879769926792 0.0761390990217 0.891931725699 0.886530232558 0.972641243354 3
1.3933.64 1.8640575263 0.919844820126 -0.0227182609257 0.982370301298 -2.80490659081 0.864291842179 0.0831351800135 0.841007157817 0.553107981221 0.97568037518 3
1.4046.1615 1.95822650826 0.924931725499 -0.0283106594244 0.981707980654 -0.110696290663 0.765365336255 0.0532947042556 0.753083966196 0.175354066986 0.956342329317 3
1.4047.1441 1.88070621663 0.960134958062 -0.0380374211096 0.962886585861 0.271302828556 0.659227890094 0.0533201354023 0.720284474763 -0.580815668203 0.936665387085 3
1.4048.28 1.8249365395 0.887400929157 -0.0101551172185 0.965386966274 1.81360020681 0.821267813152 0.0840124385302 0.888419331496 2.23714864865 0.953973435752 3
1.4048.6 1.12258253511 0.948019423019 -0.0323265875718 0.986956051884 -1.3529402554 0.836520775517 0.126638413395 0.883325759835 -1.1271722488 0.91383983394 3
1.4049.1534 1.79344220902 0.899329309346 -0.0197953671091 0.985447973773 -0.700443116687 0.760538194392 0.0543869794825 0.865745048325 -0.797502369668 0.966835123693 3
1.4052.55 2.24762810132 0.970246195742 -0.0207648786648 0.97751221881 0.299055597216 0.86235102788 0.0784938946419 0.875720289171 0.211852534562 0.968405967061 3
1.4053.53 2.03882446647 0.905561690796 -0.0151618236172 0.985919214509 -0.72733331956 0.906029425853 0.116194061567 0.770748380706 2.24625806452 0.98378077 3
1.4054.15 1.20613726963 0.985829180055 -0.0230712435854 0.978984454371 1.83015551812 0.785443700233 0.0844415266746 0.797145887748 -0.442777777778 0.968040275261 3
1.4055.2227 1.69578268625 0.95783122136 -0.0294327329011 0.973553856489 -8.71524299968 0.775303388266 0.0843586274795 0.856145277994 0.135005813953 0.950102417407 3
1.4171.24 1.31697354549 0.980609452539 -0.0340138916566 0.985869296316 -26.2949191693 0.580067553874 0.0856402569169 0.796632489821 1.11722065728 0.945298485214 3
1.4175.14 1.36201312957 0.95209349193 -0.00969528014071 0.910785005183 0.722032237102 0.760501944938 0.0973488504591 0.851880375013 -1.11753982301 0.924832076946 3
1.4176.34 1.96951893075 0.962587356216 -0.0127039219732 0.903690812294 -0.637237731641 0.785871405179 0.107206259826 0.84528709784 0.150935185185 0.986886448237 3
1.4289.25 1.57514775772 0.980270912731 -0.0234105229294 0.991379642823 -0.131448919404 0.84410676961 0.0874913878988 0.893671909459 0.257237668161 0.955724085326 3
1.4291.35 1.97901130897 0.943442286074 -0.0180012420285 0.993621375492 1.16745143377 0.897342774779 0.0712116244716 0.656073442168 0.2524 0.97477384779 3
1.4294.36 1.76030895762 0.96641771352 -0.0315928133659 0.97454924312 0.226081681866 0.858159867583 0.055661622377 0.899176795604 -0.507529680365 0.967996899108 3
1.4296.70 1.71856008499 0.90394356085 -0.0105092716391 0.970508368417 0.30624675512 0.68345857861 0.131135046382 0.92896350286 0.72699122807 0.966786079632 3
1.4412.29 2.29645418016 0.896012504264 -0.0304530736812 0.979338222694 1.26038646921 0.79285291403 0.0635053749363 0.565681825533 0.181731182796 0.959496357231 3
1.4414.42 1.84341108756 0.964725434653 -0.017827811559 0.990769530418 -0.25081533125 0.709083958363 0.0613805680794 0.754170787121 -0.386912087912 0.962928728633 3
1.4415.55 1.85787582465 0.841401296385 -0.0144322327069 0.971562046344 0.255116281476 0.450013581744 0.114000502867 0.768390400936 1.16875238095 0.966321316518 3
1.4417.13 1.59076628806 0.952969281781 -0.0363673458703 0.982604289474 0.405300904539 0.846198832286 0.0471724077881 0.797233502839 -1.76846363636 0.978774379779 3
1.4531.168 1.46382065269 0.944825322558 -0.0868868667289 0.980521275273 -0.754927596908 0.7906771067 0.241924154758 0.908547415168 1.39419387755 0.822227730362 3
1.4531.99 1.85056760182 0.939161924258 -0.0154500403478 0.972308166843 -0.284392096352 0.676123081017 0.116596248654 0.773603497843 1.63686026201 0.964330079794 3
1.4532.66 1.80438996473 0.951541469422 -0.0274551584925 0.993206271126 -0.135078674171 0.859011175782 0.0695596521815 0.847321167604 0.796476190476 0.988713622915 3
1.4534.23 1.53505821243 0.963660257693 -0.00982221268294 0.97631393146 0.717190188591 0.834241185657 0.0785467433601 0.878234414244 -0.284111111111 0.963796451853 3
1.4534.33 1.90783657565 0.932830425781 -0.0325985878492 0.992882706911 -0.858135020174 0.830960205727 0.0799310513453 0.908128772531 0.377349344978 0.962802347003 3
1.4534.48 2.27597072057 0.95371315852 -0.0187103043813 0.965076738122 -0.538269467686 0.628581871108 0.0628442534042 0.800709111758 0.03159 0.974731391525 3
1.4539.77 1.86091974658 0.948741898234 -0.0315071945372 0.970047663614 0.211745523387 0.549221714752 0.0833864826213 0.765753378047 0.268538812785 0.898123145112 3
1.4652.42 1.88728802553 0.916215772856 -0.0184998932401 0.99453780266 -4.25987584963 0.917405931868 0.0588170871161 0.884487738011 0.270152838428 0.991537868257 3
1.4653.29 1.91749286179 0.974987702833 -0.0273205198144 0.979355229145 -2.03376183043 0.82125991377 0.0688556254111 0.849001410603 0.0683041474654 0.984646999569 3
1.4655.46 2.22935743172 0.912466383226 -0.0209777318433 0.835861828287 0.293707952668 0.66642374898 0.0799336409533 0.743497713118 0.45989010989 0.957682155062 3
1.4657.37 2.65120815821 0.950660506201 -0.0109132741653 0.900782724033 -1.9124107777 0.845205596306 0.0763828167414 0.747301021865 0.780908163265 0.950969737605 3
1.4659.63 2.15693378826 0.931480908023 -0.0344555611712 0.97612519339 -15.5471223345 0.744761578852 0.0861076152249 0.766549275647 1.29410227273 0.929966489402 3
2.4662.12 2.4210027858 0.947790889213 -0.0232219391837 0.969095040958 -0.479163308233 0.879518396005 0.0816281415566 0.795173869335 0.135917355372 0.965390956562 3
2.4785.21 2.1764316175 0.930263096745 -0.0309708127415 0.967567462903 -0.551736258763 0.881647959812 0.0514778029057 0.652524161563 -1.27992990654 0.956858269716 3
2.4788.82 1.97139273779 0.968561642546 -0.0191872585573 0.982791220118 -0.50474732608 0.690099738401 0.0600390144749 0.801726700032 1.01593 0.977010395921 3
2.4790.48 1.96192755414 0.927039338654 -0.0308868004374 0.983721804753 -1.40377712376 0.753295136076 0.057942715917 0.92813429201 1.36460679612 0.97914291801 3
2.5026.16 1.30709804236 0.968997193635 -0.0287443640742 0.986833460121 -2.80868169791 0.904531957085 0.0773062726865 0.681027989315 -0.217077294686 0.953417278363 3
2.5027.10 1.71595542556 0.961664561958 -0.0359792713409 0.98153371507 3.3083399214 0.900429950235 0.0642460556106 0.854678694899 0.214035897436 0.979297174722 3
2.5144.4495 2.06777970836 0.978445714524 -0.0323668945848 0.95695139132 0.532682869199 0.886831366355 0.057487211872 0.833279287513 -1.61142713568 0.991064396638 3
2.5148.126 1.88136490135 0.962695574831 -0.0285598294618 0.959522714089 -0.62072754092 0.62123785332 0.0867121235988 0.835163373778 1.29368 0.960143712417 3
2.5148.29 2.02404802525 0.967758724565 -0.0320233998892 0.986334581856 -0.44791822995 0.746859453286 0.0710371804368 0.788482578016 0.476613065327 0.963186453076 3
2.5265.3739 1.93465514597 0.948819901995 -0.0335413326786 0.974633695759 -7.03187854739 0.803154193941 0.0587055891088 0.690414163109 0.116489473684 0.946980831019 3
2.5268.1302 2.16328954446 0.965798495307 -0.038442579587 0.980415449059 -1.18697304314 0.884164163287 0.0464979656079 0.687235069081 -0.725829015544 0.964138151179 3
2.5268.1328 2.0497793475 0.859614964905 -0.035451628455 0.888376958215 1.77472582224 0.644355395754 0.0989608022579 0.643212347205 1.35533027523 0.954311343917 3
2.5270.1994 2.12991559871 0.93314163632 -0.0306378739183 0.949435994756 2.15048636379 0.837628337404 0.07334211719 0.710342109779 0.0791294964029 0.968110724314 3
2.5386.4437 2.42007908229 0.966091899364 -0.0101967537823 0.972967211248 1.31936537477 0.699997014618 0.0820666621571 0.712007017414 0.411104761905 0.976723647797 3
2.5390.43 2.14268480478 0.948900944725 -0.0424601901631 0.987638496626 -0.235841427129 0.847575098821 0.0554288477741 0.875749431428 1.11958937198 0.968750148406 3
2.5509.20 1.81502997344 0.902967773694 -0.0143554349983 0.988413927375 -1.29697036882 0.881020667863 0.0916418658105 0.895596159154 -1.60863157895 0.963772654475 3
2.5510.52 1.41460629793 0.956136557275 -0.0176619045154 0.976980576448 0.0549593875683 0.813649439205 0.0937039020033 0.884520429481 1.44624 0.955193942268 3
2.5628.4390 1.76376136046 0.966430597065 -0.0334239708161 0.984010582404 0.421494948598 0.841274860122 0.0757728782402 0.597745394526 -0.52243902439 0.974786696708 3
2.5631.44 2.17401149854 0.956508105448 -0.0178305443759 0.98485904426 -0.585918947824 0.776995163233 0.0595565854118 0.898349598669 0.793651960784 0.973206226751 3
2.5750.1942 2.34350313933 0.94110320909 -0.0162199102395 0.900446203476 0.924334591247 0.897343703601 0.102373368391 0.794886248638 0.105577777778 0.888915590051 3
2.5750.1943 2.02822040826 0.931979623668 -0.0261766723577 0.962485005888 -6.97484770468 0.847855750753 0.0969068831925 0.694756487132 0.108944444444 0.924333117842 3
2.5751.44 2.00377401412 0.940904862747 -0.0477505129884 0.979504313178 -1.6785601657 0.854580162981 0.149635330376 0.844578196201 0.886502762431 0.923914141374 3
1.3325.93 1.35487366106 0.981367027339 -0.0425560954971 0.974821769494 0.0230253591903 0.706788714167 0.118978341962 0.770233257965 1.51419327731 0.98212277747 4
1.3442.172 1.75959933694 0.925449562839 -0.0163567787526 0.932479192141 0.899312588723 0.599335510921 0.111976272558 0.742339920203 -0.800632352941 0.96730775621 4
1.3442.233 1.39204335574 0.847354676551 -0.0418906593154 0.92957448983 0.645058981476 0.73306399013 0.0804284401681 0.744609865276 0.0243134328358 0.969362772021 4
1.3443.177 1.69286643855 0.956781475573 -0.00790488837282 0.920971071571 0.219791714684 0.794693905152 0.126467232076 0.743622154238 -1.70779104478 0.960348162785 4
1.3444.1086 2.03295322607 0.952642290033 -0.0496885242195 0.946065284176 0.290314809708 0.841274846446 0.0992627016317 0.809464923627 -0.0294814814815 0.963773381701 4
1.3444.614 1.42545491533 0.923882537864 -0.023336783958 0.958713643939 0.143172242721 0.742432340948 0.120662229018 0.887679250246 -0.553715328467 0.932691409855 4
1.3444.880 1.66584785391 0.954856191671 -0.0205571961687 0.960731534909 0.202250267402 0.763164800494 0.126706604277 0.747728085061 0.514125925926 0.972659929239 4
1.3445.320 1.71964798089 0.939588921023 -0.0113181739298 0.902702880841 0.243369572354 0.635138031843 0.0830239066367 0.824719306427 -1.08193333333 0.807753912997 4
1.3446.1407 1.92471467014 0.971719465183 -0.0185650027788 0.969451254928 0.172238473841 0.86118648274 0.0658398168032 0.549124752879 -0.457117391304 0.954605390572 4
1.3447.783 1.78078418768 0.975569049567 -0.0304366044402 0.986607405873 0.10272991633 0.869658422797 0.127062208149 0.871963109735 0.875678571429 0.991833169947 4
1.3448.153 1.77989578921 0.98281960791 -0.005916463797 0.977977236871 0.104937878585 0.82083416281 0.0918479251173 0.867961502506 -0.773964125561 0.983553466374 4
1.3448.294 1.9971222555 0.923568666552 -0.0120825088597 0.93502397807 0.235679624109 0.866009981759 0.0691233963255 0.784887210104 0.0419724770642 0.960691586211 4
1.3449.149 2.30539652043 0.944545702413 -0.0111860136436 0.969980788781 1.139111544 0.820630419456 0.075488367446 0.652987395377 1.49327727273 0.961988065829 4
1.3449.27 1.55564357537 0.785372060569 -0.0115552526905 0.932684177707 0.471986861204 0.887078245374 0.152839526617 0.824981512173 -3.83721393035 0.96987916789 4
1.3449.948 1.71258943155 0.943957302167 -0.0335802679453 0.90542285659 0.782206006917 0.70014410848 0.0897351258126 0.746898149103 2.84492622951 0.886645374731 4
1.3562.57 1.80961834801 0.961160264616 -0.0116639209751 0.919731068647 0.218510524499 0.740821952476 0.093917027977 0.617653557873 -1.45984158416 0.85387292418 4
1.3564.163 2.04817653556 0.967680786331 -0.0102515792815 0.7617649599 -0.060317814114 0.657100412894 0.103367771452 0.7600638458 -1.60476515152 0.97312902172 4
1.3564.516 1.8364361289 0.914088029556 -0.0168499567434 0.903436937348 0.2004449448 0.737366547558 0.111557377359 0.600077311955 1.47570992366 0.949440187716 4
1.3565.99 2.07825641542 0.942494262779 -0.0105855851613 0.926941187881 0.393122678444 0.788557812264 0.0916166699693 0.602114146089 -2.65134848485 0.942593718418 4
1.3566.1669 1.79957696189 0.717431066387 -0.0928978373998 0.847891605537 -0.594105976634 -1.0 0.20489832311 -1.0 4.7885862069 0.878578577241 4
1.3566.24 1.77313606693 0.75802646929 -0.00453223802809 0.968938837385 1.76575893086 0.628557353875 0.143477425944 0.779544093756 -1.56266666667 0.963512862042 4
1.3566.63 1.60744060136 0.985099747266 -0.00885583329629 0.946161062331 0.297159970652 0.88328248019 0.0829729139272 0.872838941198 -1.70567857143 0.978233233278 4
1.3567.1118 1.95197430903 0.977262009973 -0.00786280283339 0.974247084811 0.0737762551719 0.737479643867 0.118515972923 0.77662039171 -0.454205607477 0.954093399054 4
1.3567.1136 1.90480281542 0.980909881984 -0.0146014993758 0.9782701725 0.200365741565 0.864380280997 0.0816422613584 0.696301976317 -0.830466346154 0.967225250902 4
1.3567.1207 1.58998668299 0.966141246142 -0.0157788798454 0.944851834856 -0.18827317894 0.903522140196 0.0758023165318 0.772784370034 -0.0930448430493 0.895697086 4
1.3568.288 2.0979780854 0.957807196749 -0.00837728749964 0.945692851335 0.258550124328 0.890520997282 0.10255419848 0.861912007168 -0.515307692308 0.951335651651 4
1.3568.297 2.06412195685 0.978793079197 -0.0170589246436 0.980576049409 0.0760425374398 0.720354765425 0.0555098048427 0.772306113721 -1.67409545455 0.950036011564 4
1.3569.1182 1.74493333968 0.975600189851 -0.0469472953294 0.928869410683 -0.0104228247049 0.858299864273 0.0854429703299 0.888847705109 2.89642396313 0.97618092037 4
1.3569.71 1.74744539426 0.971039811696 -0.008420519876 0.942219844579 0.146941479822 0.892140743059 0.0796128651167 0.87859944722 -0.19659009009 0.961488693288 4
1.3571.131 1.87801214748 0.950723468005 -0.00509159088105 0.963821163613 0.245041850845 0.795618306566 0.0577219222731 0.902504187274 -2.19242009132 0.937911223622 4
1.3571.1323 1.91284012574 0.983400844449 -0.0334645011977 0.941060245951 0.606685422754 0.853771351274 0.0599610414174 0.767149131879 0.0421454545455 0.9804924529 4
1.3571.598 1.74013698062 0.89535070763 -0.0466637812025 0.951549219698 0.285968852001 0.542285949364 0.0824219989071 0.57293991356 1.45723484848 0.970233437179 4
1.3684.237 1.92417671812 0.910042120293 -0.0134807765815 0.968620718163 0.508246442564 0.883091502677 0.0720105990523 0.912665082203 -0.604560538117 0.951105425053 4
1.3684.265 2.09987489035 0.969348455171 -0.0454462535311 0.935252121608 -0.0831165135591 0.883059033732 0.105679350725 0.543336273282 0.672885496183 0.947400139324 4
1.3685.92 1.94812994013 0.902446215267 -0.0113622033541 0.903272822306 0.366666379497 0.725418358073 0.114123432782 0.705237763554 -2.67644347826 0.937805155842 4
1.3687.1568 1.78680417205 0.861605219953 -0.0560897863113 0.767380030465 -0.0342738317168 0.85006858882 0.109402619041 0.634390087484 1.94020472441 0.910019329984 4
1.3687.193 1.9299347326 0.939273189024 -0.0149718604405 0.891112687596 0.143108418676 0.634836024226 0.14249018186 0.801213595655 -1.74566037736 0.955059373996 4
1.3687.887 2.18258265718 0.981566934329 -0.0344199400519 0.948910776833 -0.0376815699251 0.645452345473 0.0928633159645 0.871425607097 1.59105333333 0.967896262151 4
1.3688.1073 2.23254018309 0.95134385398 -0.0064660195087 0.943632808516 -0.173441138805 0.704272832473 0.0747013108547 0.676900292376 -0.728083832335 0.964703432507 4
1.3688.1093 1.8646784367 0.969655550252 -0.00575548688837 0.932424471352 0.407550377623 0.903966324151 0.132376373591 0.783679382132 1.2283989071 0.978844630651 4
1.3690.31 1.77583681884 0.953407040415 -0.0146844315038 0.965808021496 0.481981542189 0.82611956606 0.0721793723294 0.865110230105 -2.29626153846 0.979991336134 4
1.3691.210 2.03831346503 0.945658539141 -0.0135568681057 0.902003161049 0.253125405145 0.743214107654 0.0562550520718 0.650150641584 -1.35143457944 0.972267303868 4
1.3692.337 1.79002223639 0.948761069132 -0.012135706322 0.869715080848 0.429599025465 0.900532508354 0.0545892667158 0.915642935318 1.25652380952 0.973834386879 4
1.3692.66 2.32795259302 0.983550576366 -0.016226274071 0.977866837378 0.518317393228 0.910140697955 0.0946346802491 0.72876433136 -1.12876262626 0.98258134773 4
1.3804.164 1.78304578066 0.962977748989 -0.011527556351 0.87909379818 0.160614621632 0.762914977538 0.0738382676323 0.723792026293 -2.35257286432 0.937541324444 4
1.3804.2476 1.92866574908 0.946007901971 -0.0516767763808 0.893229766521 0.107461657912 0.885924768462 0.0935846841081 0.834680277684 1.55331753555 0.919142455848 4
1.3805.176 1.69569524519 0.958995073156 -0.00770710698234 0.948395494473 0.281698839628 0.91709662221 0.109070228306 0.890472888641 -2.76591324201 0.980448075806 4
1.3805.2115 2.06636174272 0.933254129789 -0.0473836509418 0.94253063181 0.0552984131375 0.72848759794 0.0730064584678 0.810622088148 1.88616894977 0.914337471935 4
1.3805.213 2.02550743931 0.982513142533 -0.0205705043406 0.984621077672 -0.11285075464 0.849375913698 0.0609414918549 0.881145662093 -0.874857142857 0.981246362199 4
1.3806.317 1.70701554841 0.946862551646 -0.00745346692393 0.963162097254 0.0611065994755 0.913371635692 0.113560697169 0.746940979358 -0.779823529412 0.896038624138 4
1.3806.699 1.87786761036 0.961481105794 -0.0240309102182 0.915665449526 0.0823639635315 0.492625359692 0.111608894451 0.754170402766 -1.03094117647 0.946509289204 4
1.3807.1436 2.07844284902 0.952108500051 -0.0438010694046 0.972183528203 0.00613834936569 0.851512085343 0.0822336907069 0.866738260607 3.27920098039 0.959639172259 4
1.3807.48 2.13062056908 0.961012989461 -0.00981635301189 0.983351328285 1.53387845258 0.646609647194 0.0750935294268 0.831761727714 -0.733048309179 0.980318363877 4
1.3808.91 1.73938690538 0.949780255031 -0.0132410127311 0.982910860005 -0.457895718491 0.811515031322 0.081362918361 0.825709862642 -0.768125628141 0.921771261499 4
1.3809.1058 1.22672891544 0.919207877182 -0.0119552680443 0.983979772981 -0.368652820083 0.881961974558 0.133855467454 0.88434908856 -0.312696969697 0.871582595964 4
1.3809.1208 1.94995140437 0.984991868138 -0.0119357784757 0.857680066454 0.145527480503 0.669956973153 0.0818861766002 0.794323059384 -0.68787037037 0.93973973798 4
1.3809.1351 1.72901636776 0.969873882279 -0.0118960330849 0.960682142096 0.191719506478 0.726244653184 0.122369524847 0.808184683403 -1.74732075472 0.922093768115 4
1.3809.2710 1.90235274191 0.969932033462 -0.1655158804 0.900167387776 -0.123669847791 0.715946571865 0.0700053288481 0.913003477515 1.41069387755 0.957859930362 4
1.3810.1131 1.96524986093 0.940475911616 -0.0523110638897 0.892863944819 0.0262487730557 0.664021528382 0.0785564127899 0.894362339038 4.89579452055 0.979378360555 4
1.3810.19 0.468831739046 0.980559451398 -0.0143023667035 0.985438360121 0.118182154008 0.65703684344 0.141048972681 0.879876033782 -5.41242424242 0.871214442573 4
1.3810.2163 1.95436714164 0.981172280773 -0.101847522732 0.965910687786 0.196201815215 0.815318348011 0.107115762749 0.810748944068 2.49082901554 0.975585475711 4
1.3811.138 2.01700735778 0.922559305002 -0.0040315294522 0.987310009978 -0.239502428409 0.777771795049 0.0712168245069 0.866998339913 -0.707112612613 0.952792194062 4
1.3811.175 1.6744410554 0.935514749443 -0.0191772549074 0.973393842023 0.383645433749 0.746621682189 0.0978402426119 0.793799795574 -2.50549765258 0.964721420242 4
1.3813.1263 1.5752344209 0.965374778272 -0.0331853429348 0.944322673315 -0.0179906295747 0.799811718622 0.102795364362 0.886540291703 2.68333179724 0.964255664068 4
1.3813.52 1.63833562571 0.957954641897 -0.00587836171604 0.961723920849 0.361047734944 0.762893869574 0.0911670599705 0.824644654221 -2.31185915493 0.956583500746 4
1.3814.139 1.45922436882 0.900402440092 -0.0467380904286 0.894227207228 -0.0505454965129 0.706874665598 0.110309135371 0.877172498326 -0.358753554502 0.899063979802 4
1.3924.64 1.86469524746 0.962023948763 -0.0218158641653 0.966997990487 0.149425220749 0.871362345677 0.100736786013 0.875933405212 -0.881311004785 0.918821841819 4
1.3925.1293 2.11542818105 0.965702620455 -0.0157183807856 0.955724040631 0.163588658635 0.817316986059 0.0736446765408 0.861883925943 -1.33424878049 0.973390889838 4
1.3925.2038 2.28888704538 0.975179070688 -0.053374044505 0.963513586732 0.213058297624 0.742614628246 0.0898324946397 0.867552829836 1.55517924528 0.967709907722 4
1.3926.365 1.62442696063 0.957102316764 -0.00997863356458 0.95844459812 0.0949665444373 0.882356215566 0.150406959811 0.661985755645 -1.30181696429 0.96352624007 4
1.3927.1187 1.91839262973 0.97740337505 -0.0324516121954 0.907384239444 0.100751967498 0.851760585651 0.0872997787445 0.826082707606 -0.607545454545 0.970026076662 4
1.3928.1750 1.98883517992 0.943750797798 -0.0723962636898 0.940876643218 0.313896395278 0.83655292038 0.0540433793421 0.854457128913 1.15964454976 0.938509966927 4
1.3928.463 1.84255119469 0.961766046636 -0.0239535857614 0.890981007442 -0.135717633294 0.812521367664 0.0555045301815 0.722985175235 0.264894009217 0.981640657497 4
1.3929.247 1.76670322094 0.938822403119 -0.0147137059805 0.951937591597 0.283167497314 0.816061275988 0.137233502829 0.677113693523 -0.2115 0.97810230957 4
1.3929.255 1.9751915628 0.926660666185 -0.0093003268226 0.924235510834 -0.0650789947578 0.819946119456 0.0950150888748 0.902068483284 -0.0769777777778 0.951942624262 4
1.3930.1050 1.90149255083 0.937383157319 -0.0177165569779 0.950204759342 0.27564746041 0.616330327368 0.0819170092457 0.888248552284 -0.710737327189 0.925937564244 4
1.3930.1143 2.0679304037 0.947403599671 -0.0111894612429 0.923066382963 0.18589880849 0.796148615806 0.105870889279 0.891294796657 -1.65344292237 0.898727074933 4
1.3930.1846 1.76269141877 0.98231853643 -0.0319312570005 0.926171302932 0.108354498203 0.852974350538 0.121072661668 0.70458996703 2.62058119658 0.892626242384 4
1.3930.962 1.22946519235 0.975240323896 -0.0218480196691 0.972435795489 -0.211913830689 0.856785597197 0.0854827072725 0.899858635615 -1.0347826087 0.964710538107 4
1.3931.127 1.82213148635 0.947848977335 -0.00677719884943 0.944807590826 0.163419026432 0.724355560822 0.050540103475 0.746338910251 -0.43152293578 0.959933642816 4
1.3931.146 1.89625876976 0.909638276931 -0.00527393066297 0.990211408769 0.0168741603695 0.869052855443 0.0754638473045 0.894856541603 -0.0398879310345 0.936121960474 4
1.3931.98 1.69452412904 0.963637858285 -0.00825263483057 0.909713409555 0.465246181255 0.874662501248 0.100516644321 0.854900174185 -0.61626754386 0.944207061225 4
1.3932.110 1.984207058 0.943128208958 -0.00998171083246 0.956718036968 0.939577160567 0.860372164213 0.131701072498 0.712230316044 -1.81844690265 0.971996422849 4
1.3932.557 1.14798712396 0.948663912482 -0.0252946954343 0.967710992726 -0.059116910808 0.817504674348 0.114838245108 0.919299858372 0.541893023256 0.981406176185 4
1.3933.329 2.01475223099 0.912411071329 -0.0123640081421 0.942281808438 -0.00566437536557 0.841417671227 0.0812616680096 0.758672499253 -0.949475555556 0.968387153788 4
1.3934.683 1.99362459051 0.964679059088 -0.0192341543237 0.881987964687 0.227265492122 0.737061860554 0.0529385402414 0.82622474348 -0.997835616438 0.938071818872 4
1.4046.2388 2.14176676446 0.973693075013 -0.0365401988541 0.961490663586 0.00529617522292 0.859865185438 0.0964777312879 0.620043746869 -0.223375609756 0.890174116484 4
1.4047.2469 1.83327394848 0.987431795932 -0.078872038523 0.890218129658 -0.00799348614816 0.879492219405 0.0835013523256 0.86411964534 0.227529126214 0.942482204321 4
1.4047.536 1.64461479803 0.890249657019 -0.0430645914224 0.966576801163 -0.370094036989 0.676407637522 0.101255906656 0.867656841015 3.00644549763 0.980904435612 4
1.4048.1635 1.92708245741 0.973654370544 -0.0270864386677 0.985220161701 0.325338507315 0.837089310834 0.0604231526625 0.733571896295 -1.36797129187 0.970185832149 4
1.4049.169 1.93520032782 0.95937489171 -0.00893338074645 0.8801283385 0.138321154511 0.839305695059 0.0967860326312 0.855264239222 -1.40221105528 0.985291357898 4
1.4049.1986 1.63135001662 0.817152897321 -0.0638288725616 0.963595776367 0.618070496723 0.020347780329 0.205046912329 0.203877169053 1.23732432432 0.944585962775 4
1.4050.107 2.25358241411 0.923958073962 -0.0167918694118 0.964367000067 0.621204065253 0.56080294503 0.117298349424 0.703803746488 0.701282608696 0.956567766758 4
1.4050.1680 1.90306691489 0.979368137214 -0.0273024891694 0.958124428687 0.175347878273 0.893496613928 0.0613590744826 0.824279653101 -1.0657962963 0.982960381366 4
1.4051.2318 1.67318639482 0.936246695369 -0.011154369057 0.896563275502 0.136117369414 0.914936475836 0.0876997095309 0.850716969541 -1.22641666667 0.94945467171 4
1.4051.445 1.70270411247 0.921155684708 -0.0101018509315 0.964319159658 -0.116680139048 0.932108691936 0.0710031590411 0.852207293047 -0.623129807692 0.921736353609 4
1.4051.479 1.43725451024 0.956951209341 -0.0390952534746 0.962637648116 0.799767457237 0.751314945367 0.122701851838 0.869126666978 1.96705454545 0.959780959462 4
1.4052.2379 1.85788260836 0.9515153148 -0.0124878104641 0.909512891577 0.591742067788 0.588258904013 0.0696409489416 0.798356251374 -1.91588 0.968089509493 4
1.4052.2486 2.08521207308 0.966098487576 -0.0113837995705 0.960293198942 0.242930793776 0.833135952879 0.0857213459084 0.905077567942 -0.708471153846 0.918606069512 4
1.4052.379 2.17730858637 0.944669641455 -0.0169273245137 0.945140757741 0.298120693126 0.807928056138 0.0703338568643 0.751682218668 0.263941463415 0.959510146806 4
1.4053.146 2.14064054169 0.975161287528 -0.0111715101405 0.985953440179 0.296759665626 0.895279719958 0.0548367498225 0.86994287055 -0.725363636364 0.986132391709 4
1.4053.197 2.07624616014 0.985189571335 -0.0165895443239 0.955544996397 0.518840028362 0.774156403969 0.0758335018917 0.882745122666 -0.492068965517 0.895959143839 4
1.4053.208 2.10056954334 0.963148946109 -0.0240528089299 0.881605757709 0.15270549108 0.736728029537 0.144137110168 0.888533517203 -0.762071090047 0.876961240023 4
1.4053.255 1.91298668609 0.965712464307 -0.0259634098258 0.932916039171 0.123907951414 0.80596774155 0.0698945233532 0.794296850562 -0.730285024155 0.91810663969 4
1.4054.2524 1.81654660296 0.961416634073 -0.0380985005503 0.959313918138 0.239489128999 0.799153771692 0.0848443766925 0.729989143439 1.10432110092 0.989669242671 4
1.4055.98 1.06482948518 0.956114562587 -0.0328979373339 0.955144312733 0.66127656666 0.869711390925 0.143402499478 0.880316622814 -1.28429326923 0.972163521673 4
1.4056.186 1.78193049661 0.891202522608 -0.0260957408918 0.96129389192 0.0860401227611 0.89043999636 0.119695220161 0.46714695096 -1.00741826923 0.824371665239 4
1.4168.1754 1.83770439198 0.921776409216 -0.0392954305312 0.975212527529 0.352666123967 0.817093441881 0.0853710891198 0.731797440679 1.57439545455 0.978671107056 4
1.4168.192 1.87276516692 0.969190709433 -0.00770967634596 0.939430446102 0.0832925424437 0.803437488624 0.0701652852928 0.806350878872 -1.14260454545 0.914056267236 4
1.4168.409 1.84820407394 0.965130923163 -0.00833750615995 0.956325695404 -0.174459492743 0.730582357803 0.178061313957 0.742091375163 -0.528796875 0.926413332973 4
1.4168.434 0.654032847946 0.958592585802 -0.0405037722189 0.962111585016 -0.0229608472441 0.778784712634 0.127737123104 0.838368755003 0.0188341708543 0.957953482415 4
1.4170.1016 2.11895525876 0.891336171561 -0.0214567797136 0.969734088388 0.134256969179 0.841770650581 0.0806081238461 0.736657252934 0.677509009009 0.960201758626 4
1.4170.316 1.81496940119 0.966694400331 -0.0202219289431 0.959993801425 0.162948559015 0.840503012571 0.091089299416 0.78791612265 -0.636097777778 0.945603590937 4
