#Macho_id Sigma_B Sigma_B_comp Eta_B Eta_B_comp stetson_L_B stetson_L_B_comp CuSum_B CuSum_B_comp B-R B-R_comp label
1.3567.1310 0.530558972213 0.77799846427 -0.0146791554499 0.726174612267 3.3286847122 0.717857871949 0.403505018463 0.438511537228 -0.341147826087 0.881247362285 2
1.4176.155 0.916050379155 0.880962025232 -0.00701759912437 0.883766053952 1.25932145959 0.898029860662 0.288130050668 0.841433986839 -0.322174208145 0.97634328645 2
1.4410.291 1.67595367861 0.962488826086 -0.0110179756313 0.918686962036 1.12907827191 0.713486999951 0.192880252197 0.541649393535 -0.324637440758 0.956521308213 2
1.4413.373 2.00135037372 0.987886248162 -0.0247182166339 0.889164211171 0.497715819238 0.806665302212 0.100214062509 0.933085575948 -0.382116550117 0.908029521865 2
1.4530.136 0.445658486126 0.92011049964 -0.00936609121693 0.75974456276 1.8897693977 0.805082091276 0.398140768721 0.577472829906 -0.0475 0.861741463195 2
1.4538.531 1.22726356551 0.952703195324 -0.0128415355768 0.843392654872 0.749213774451 0.79668281813 0.256394566072 0.629179706769 -0.305917525773 0.952153281867 2
1.4653.105 0.957659912074 0.923800562603 -0.00474065469261 0.894954004773 1.55930600921 0.881556277276 0.334815264301 0.765384564814 -0.392331858407 0.964938486768 2
1.4659.335 1.54966476343 0.853001047034 -0.00461207848139 0.883060194573 0.538662519459 0.796242943142 0.256339096659 0.729822850028 -0.324591836735 0.910499200784 2
10.4279.1493 0.582744756778 0.964604390318 -0.00431402557147 0.922594368397 1.55368667869 0.75561479339 0.330405206311 0.772985639722 -0.197965408805 0.949171995502 2
11.8751.968 1.06944949313 0.934120449062 -0.0323887776869 0.94533068886 0.465543778217 0.846729150807 0.146164627709 0.912869993219 0.361533980583 0.904903097842 2
11.9358.200 1.2851498331 0.981673601085 -0.0108965854257 0.923274065805 0.768995193079 0.874461077433 0.215767986725 0.814793293932 0.0395075757576 0.893351882483 2
11.9714.184 1.52190161505 0.986686776161 -0.0109597248081 0.987504625014 0.920596121778 0.901014253692 0.191571863234 0.799555542116 0.12805399061 0.988262309598 2
11.9720.68 0.46187766459 0.79016187827 -0.00843551443728 0.659098511901 6.58688590063 0.711675427937 0.410265240751 0.588755973135 -0.0621989528796 0.834733133031 2
12.10561.1161 1.46098988262 0.950923838507 -0.00909357032758 0.890414329485 0.854085004427 0.841741150675 0.217142568789 0.809699382103 -0.120686390533 0.870375501383 2
12.10684.267 1.94025408356 0.952783474378 -0.0113788124696 0.976833206963 0.254512234194 0.868993126012 0.0972302102795 0.891003898992 -0.144892215569 0.97696050022 2
12.10926.76 0.964278440653 0.783782186986 -0.00452080283641 0.629712368305 1.3789606522 0.778132368949 0.26546302001 0.803195246823 -0.0662591463415 0.827762052833 2
13.6689.2365 1.74630959372 0.962652872426 -0.00595466596915 0.967351773558 0.501905645013 0.8353483721 0.100966517492 0.645457522904 -0.281833333333 0.894069763046 2
13.6931.2479 0.512416719809 0.761394813504 -0.00897918263925 0.744229541299 1.52663597919 0.680093302926 0.401639553949 0.795411051816 -0.33381595092 0.802360072331 2
14.8493.39 0.232652975205 0.882087490981 -0.0089123504302 0.650719336124 7.43854393927 0.643254198767 0.413601314587 0.743244964572 -0.220924242424 0.90388112429 2
14.8622.3551 1.60427468844 0.925114557214 -0.00478044155878 0.946477683513 0.115288726711 0.845440507364 0.177620549862 0.837888482433 -0.492221590909 0.964776409054 2
14.8863.660 0.644482478996 0.731888917743 -0.00775795629259 0.786155301185 1.89364521353 0.759482985875 0.371258264275 0.584157921769 -0.230136363636 0.965155400138 2
14.9587.87 1.20358905997 0.945272141643 -0.0100754931531 0.883430676967 2.93001935555 0.662625407598 0.256385890297 0.644463091141 -0.153747191011 0.835140178544 2
17.2102.357 0.930045376297 0.731098415782 -0.0172104044896 0.970989261833 1.27213466382 0.687245451997 0.315822934068 0.67370321562 -0.481611111111 0.902243248861 2
17.2105.71 0.386177258992 0.746608150926 -0.0067274869318 0.737926424573 3.68975169458 0.59575116384 0.414765611892 0.741644872011 -0.284472527473 0.918516882311 2
17.2108.72 1.06814930392 0.941493108748 -0.00450383580187 0.866535109038 1.81853084295 0.597610840374 0.308971415199 0.893654154222 -0.194859649123 0.969579495301 2
17.2109.108 0.2017873209 0.831739747318 -0.0113091125783 0.720121304056 2.44701118688 0.793684600446 0.38138267509 0.811819726075 -0.369790697674 0.974252434135 2
17.2469.222 0.535870760013 0.721435865158 -0.0122599167125 0.623952592204 2.21327596111 0.443119125412 0.41620776887 0.456711064369 -0.355261363636 0.813323614724 2
17.3076.164 0.797929806339 0.825844585584 -0.0112584945071 0.796374582999 0.550010081069 0.723701189434 0.264716026012 0.642983841062 -0.485974025974 0.900179041897 2
18.2483.95 1.70795896709 0.959072289342 -0.00455671604892 0.95421122367 0.606414982731 0.811334356647 0.125681549827 0.691335998716 -0.184510869565 0.975224059948 2
18.3445.4646 1.03163930779 0.89096916919 -0.0145441992103 0.962956651845 0.943632386132 0.870359421787 0.295788653386 0.903561584225 -0.370651851852 0.957620183788 2
18.3446.4192 0.16520075246 0.674482935897 -0.0121486874321 0.810402065363 7.64030705619 0.808958627007 0.419761146855 0.804796416819 -0.39608041958 0.830343911932 2
19.3574.89 1.66028377956 0.945071071724 -0.00299082340941 0.882834390379 0.512663808491 0.709587514947 0.134350903244 0.875578644868 -0.430967741935 0.916122180238 2
19.3817.109 1.11275899229 0.899898122359 -0.00466115562294 0.872523337943 0.904262645838 0.899231612496 0.168063748351 0.701994718777 -0.428483695652 0.962480585901 2
19.4306.88 1.63221852137 0.954761672046 -0.00728524646923 0.856841714112 0.978240406858 0.774066257156 0.232832547768 0.842758509521 0.0693300653595 0.957822640808 2
206.16717.81 0.401053538755 0.897938394819 -0.00426149249413 0.929153511865 3.93530835831 0.650801926456 0.364313858958 0.797708700074 -0.314220930233 0.902508977552 2
206.16943.1467 1.43898011368 0.929436282691 -0.0064149031576 0.989180065426 0.464134854203 0.808686230199 0.215860379089 0.842528264161 -0.408988059701 0.850107958108 2
206.17003.54 0.449903519719 0.929739050124 -0.00814911637296 0.896041654118 4.47850529288 0.804711578763 0.329143984701 0.857567331257 -0.0305558912387 0.952347117499 2
207.16253.210 1.60156335683 0.942169554048 -0.00540669311445 0.97797053671 0.572939738195 0.705430411049 0.142242678268 0.75090898964 0.462834558824 0.964691414246 2
207.16256.307 0.322169581114 0.972986157147 -0.0133051704828 0.866608390239 2.60872059976 0.812215610505 0.309778466807 0.79082786697 -0.0600639097744 0.977508868944 2
207.16259.243 0.341100874696 0.964040214314 -0.00903691376822 0.722596005756 2.67246600506 0.742566004105 0.382981480418 0.846948139614 -0.448776081425 0.889437001396 2
207.16309.362 1.69329449054 0.840283635336 -0.0088227948025 0.946069183812 0.125310711558 0.756904170467 0.131505130941 0.933279772546 -0.460283068783 0.759533391489 2
207.16369.202 1.04551443383 0.896213329877 -0.00408252872464 0.894428040256 1.06186443024 0.847369064291 0.283539926004 0.78600135388 -0.536103723404 0.8900095583 2
207.16370.107 0.232791700648 0.933033989287 -0.0140546792907 0.855993856575 5.25320633453 0.755160958208 0.403224665413 0.69247906563 0.701239361702 0.901927712472 2
207.16483.111 0.127261995767 0.994497783573 -0.00725887958782 0.947260291536 5.10384043422 0.547089295212 0.381305961222 0.65743291026 -0.198101604278 0.971297822456 2
208.15912.448 1.60356996661 0.896665785026 -0.0199150720644 0.868616721007 0.574933590857 0.599665158577 0.189950670627 0.719561310599 0.68971875 0.986908019106 2
211.16249.191 1.26000004692 0.982324064226 -0.0115098410999 0.914129462134 0.679130929225 0.73020492609 0.239362583242 0.799677713264 -0.18155952381 0.975024373945 2
211.16301.73 0.399386336206 0.767434543882 -0.00685816764257 0.96493755412 2.08254005636 0.72574272995 0.37510291532 0.829225054659 -0.48630078125 0.872354275941 2
211.16419.222 0.928293937165 0.969613795113 -0.0137589320513 0.958422258685 1.61890178051 0.737539475286 0.196797372409 0.724202589598 0.412912790698 0.922407180416 2
211.16538.130 0.710245396451 0.828216977851 -0.00416120761062 0.782191651703 1.42644016485 0.498520213408 0.36212539673 0.60655406522 -0.355078616352 0.971593827099 2
211.16591.58 1.27217561827 0.970524863386 -0.00972110035301 0.959759792207 1.26801946019 0.92617371408 0.123927610343 0.749102371052 1.05478409091 0.984821531909 2
211.16766.157 1.30449846336 0.86166985001 -0.0115054807017 0.949201164615 0.480048717532 0.670364134658 0.253367059111 0.753844768692 -0.455326923077 0.978737740209 2
211.16816.33 0.523461907697 0.949889880756 -0.00974193263261 0.817065615327 1.52011988274 0.87233258696 0.297006379195 0.805110480412 -0.474739263804 0.974156053639 2
212.15675.121 0.863650023367 0.750401741241 -0.00584327676708 0.959157870854 1.53927508482 0.68585089555 0.283751001602 0.659863309436 -0.0619236363636 0.929551176481 2
212.15681.412 0.146915645846 0.816650462454 -0.0679876086909 0.89756179285 3.68486647454 0.671022578806 0.396043173306 0.863787666134 0.365542328042 0.969082457456 2
212.15734.4938 1.09020611156 0.867820848696 -0.0236806607682 0.974718279303 -0.256163671666 0.73077462398 0.237545704208 0.906582303292 0.554856396867 0.849483718338 2
212.15790.340 0.55797217987 0.525274086815 -0.00837981799929 0.837666232613 1.99616158062 0.624812426947 0.37694525963 0.543576895624 0.205596899225 0.928624094342 2
212.15843.58 0.404526892628 0.779698073922 -0.0065995308377 0.980779224053 1.87700335272 0.413734220843 0.401725155597 0.693595967414 -0.260096256684 0.941454472769 2
212.15851.175 0.226934551209 0.90686675425 -0.0080286540699 0.875552707622 0.77141158539 0.672680076679 0.401756379893 0.880261041081 1.56386549708 0.914055106819 2
212.16020.57 0.37994184663 0.910150657947 -0.00380045770336 0.916360924267 -0.659607083558 0.914486037729 0.316392021217 0.84931269387 -2.7833515625 0.881486879193 2
212.16071.186 1.18060923012 0.886019409442 -0.00760096256968 0.859665430694 0.255611371977 0.686453260632 0.248636398288 0.881646775298 0.748238764045 0.878730007597 2
212.16076.102 1.96172476175 0.94534442765 -0.00543167061029 0.960468921768 0.380629899508 0.633547401751 0.130759254793 0.655190497112 -0.755914893617 0.851275107779 2
212.16076.3964 1.35017128618 0.957073107297 -0.015584014484 0.952758052694 0.0129698159855 0.654317419342 0.199385666985 0.767419597099 -1.72671866295 0.818966924097 2
213.15561.115 0.365319432888 0.807087434472 -0.00506846071825 0.72269502119 1.08288012685 0.61609427383 0.384903322625 0.778183890745 -0.504654654655 0.775225119537 2
22.4873.3357 0.642603553557 0.924324073373 -0.00557275584938 0.902515696914 0.38065283987 0.652706288806 0.363041173415 0.719201951068 -1.07384581498 0.719609827683 2
24.2740.150 1.11335335917 0.855648239526 -0.00765828692565 0.920182249993 0.0880965900638 0.865720159883 0.251185895457 0.669321432858 0.909718120805 0.784910870973 2
24.2741.38 0.881208745338 0.938632646141 -0.00397254884574 0.869894181841 -0.714433642156 0.798474721402 0.260595857996 0.498518180104 -1.13576237624 0.812084950141 2
24.2853.51 1.60854123271 0.878370481742 -0.00304227581549 0.856562511406 0.0141838680837 0.738873593611 0.113627968174 0.792004061643 -0.811742574257 0.509304243841 2
24.2854.74 0.365740085758 0.833991945247 -0.0106793891833 0.654787888282 1.95113539249 0.441759732681 0.423806667458 0.808838122037 -0.678578431373 0.797208411108 2
24.2854.92 0.115918957697 0.972218700228 -0.0124266528394 0.656409381958 0.193107895818 0.506995695031 0.462319373275 0.771805113132 0.125269736842 0.661496003312 2
24.2862.82 1.92972322898 0.979096318061 -0.0030836927219 0.95814168871 -0.554410839834 0.738196694553 0.117579828557 0.527762587059 -0.192204918033 0.785387389336 2
24.3105.48 0.110794116275 0.914524597789 -0.010110309692 0.741608547653 3.1966856279 0.687298458432 0.459101403616 0.826330421568 -0.641720779221 0.889429253538 2
5.4652.8060 1.63544825462 0.953552803782 -0.00527110194229 0.992541753876 0.00889088843548 0.784389422226 0.125713090517 0.69575348163 0.0168191489362 0.942220378853 2
53.3362.75 0.973478018496 0.864585824979 -0.0151187473248 0.671221560429 2.58635742722 -1.0 0.37241270157 -1.0 -1.94731707317 0.820483427196 2
55.3367.61 0.168006356763 0.891613331318 -0.00852668301753 0.664215932399 0.746522652609 0.530765981779 0.455027645537 0.708440504732 -1.39059504132 0.705128427611 2
55.3488.113 1.33355004094 0.968986060325 -0.0145475950598 0.955306392238 1.39127558132 0.779374920522 0.259111150658 0.669033517671 -0.940070866142 0.777726711591 2
60.6984.54 1.95574571197 0.947627335685 -0.00422895450638 0.73152931223 0.132583647849 0.566361291506 0.127327758611 0.503551824816 0.61812 0.901403309708 2
60.6990.36 0.849338154976 0.928695150666 -0.00251539357053 0.914261773298 -0.302147213556 0.133937515315 0.251391484384 0.102873451183 -1.06055555556 0.828311147608 2
62.6636.1755 0.659784773572 0.865033577861 -0.00333136208116 0.757041164641 1.19428191799 0.766825001304 0.383608605438 0.76847589371 -0.585076271186 0.939134115075 2
62.6749.2315 0.35354720459 0.904792257343 -0.00673142333631 0.920900308237 0.510698075786 0.772683328871 0.282507868364 0.768114622553 -1.48746043165 0.886831856488 2
7.7180.314 1.13087094077 0.827231849645 -0.00792486207134 0.968713921806 -0.248103081639 0.831666658504 0.285747324112 0.705100920877 0.0482970711297 0.768692286528 2
7.7662.182 0.770884888404 0.982112015194 -0.00690045140645 0.970061571627 -1.04412747172 0.53537434242 0.243985906175 0.78323518822 -0.615743362832 0.941951571235 2
7.8387.210 0.929337939997 0.957866924554 -0.0134036951623 0.621075032726 0.837773056954 0.751845932672 0.323458171791 0.724610968244 0.5206 0.963375568886 2
7.8389.147 0.337798942704 0.970628857676 -0.0197353419641 0.8967717826 0.443488312745 0.651582201492 0.34919706402 0.693027178678 -0.504264573991 0.955400353152 2
78.5860.310 1.15417023504 0.952773549496 -0.00783488617322 0.918580837564 1.71455881404 0.666884401916 0.307014097463 0.90235972736 -0.47159602649 0.942885669078 2
78.6100.453 0.682986491376 0.942607628291 -0.0089206096391 0.875016979571 -1.05920243538 0.788927155826 0.341900582926 0.601793739284 -0.484095477387 0.841114986491 2
78.6342.306 1.45522108776 0.934639606281 -0.0143109852158 0.946907070299 0.478795482648 0.736146900466 0.155577144796 0.830600569949 -1.05824074074 0.949515761932 2
78.6827.881 0.630314472224 0.97779614293 -0.0493967773693 0.896710075627 0.516003726817 0.441693985534 0.333785676186 0.794653747093 1.55945652174 0.876650008507 2
79.4655.4750 0.658324641714 0.965457000798 -0.0175956250973 0.936065425267 -0.139118352669 0.918905144509 0.329643022448 0.967385169674 0.67399015748 0.905649161234 2
79.4656.3643 1.60497204055 0.91335457453 -0.0444283766267 0.922754757564 0.274803901414 0.845579590963 0.189304168977 0.81562248732 0.651288659794 0.922871275156 2
79.4772.148 0.925374417599 0.926054599871 -0.00528234159573 0.927206567745 0.529811455027 0.897863990481 0.334548417903 0.784865980828 -0.639289377289 0.703309535973 2
79.4898.216 1.08511899556 0.8790315026 -0.00648655910221 0.892823952872 0.125991652299 0.787923702249 0.302900992923 0.841789501866 -0.932522641509 0.958151328754 2
79.4900.413 1.63924646058 0.98858534159 -0.0087584838416 0.878305799533 -0.0782654184672 0.859113357749 0.133499527277 0.786419961419 0.00949423076922 0.813899183123 2
79.5377.288 1.8195258176 0.9696264195 -0.0054041723882 0.824657982941 -0.0212803210096 0.723663845749 0.0977110863964 0.619572888628 0.531825539568 0.821932736684 2
80.6708.5218 0.903225087807 0.951655428654 -0.00787160200972 0.939687868052 0.303419188719 0.892104876234 0.162485215972 0.848525474845 -1.16228598131 0.906176174276 2
80.7071.3521 1.35417966898 0.959856511215 -0.0240628903468 0.963201702555 -0.103513462828 0.503352870438 0.189924187654 0.784485134175 1.92889818182 0.887929356739 2
81.8519.234 1.38209364437 0.82427893513 -0.0123769526916 0.976014154403 -0.39109764187 0.681051009166 0.228840837793 0.773212495976 0.195905555556 0.804264384607 2
81.8520.155 0.53410348505 0.968133988553 -0.00687306423817 0.984875631081 0.723392727852 0.8291316878 0.314925877271 0.737068358834 -0.710136363636 0.927991206288 2
81.8756.399 1.12727451081 0.847654229469 -0.0165962091099 0.891238505782 -1.33401677026 0.802164268823 0.31731864085 0.756090147946 0.370284507042 0.794096110197 2
81.8884.125 0.599567388494 0.861203823134 -0.00608244738963 0.634278143854 2.63091464134 0.661954963134 0.389789613776 0.590707271231 -0.625191428571 0.854130626335 2
81.8885.145 0.996645654646 0.753405089987 -0.00573385887753 0.87015252129 -0.439299476402 0.724536953447 0.326450261004 0.566431469074 -1.1922 0.638316556907 2
81.9361.377 0.607319045772 0.939669409699 -0.017874309437 0.687255480418 -0.28493306861 0.714498974887 0.341356089182 0.850084405638 0.889103932584 0.59931778315 2
81.9362.110 0.320922632679 0.870670204263 -0.0162167719715 0.662259132091 2.45996124701 0.763055882285 0.435998279679 0.542086858854 -0.46467638484 0.817700657415 2
9.4270.31 1.62782505225 0.97509862439 -0.00339923663245 0.844056812954 0.328229881451 0.765567131512 0.147481187689 0.640630966151 -1.79978165939 0.755838175109 2
9.4512.139 1.01025751718 0.934975782114 -0.00701308800412 0.953416029583 2.07349992014 0.697819601075 0.315518586464 0.549800743021 -0.181417754569 0.846252931648 2
9.4520.158 0.492532253553 0.860658196257 -0.00726561806837 0.682647136366 0.362462323335 0.611039837831 0.420238046729 0.655827993232 -1.92938010204 0.947013505184 2
1.3441.15 1.17193699207 0.935740436846 -0.0292160185223 0.990921986325 2.25093276665 0.870486240494 0.103523291232 0.907752666664 -1.28542696629 0.987239605862 3
1.3441.45 2.32271849639 0.961513658346 -0.0297412812372 0.974259677491 -3.29541681369 0.864755893436 0.0611523527167 0.883518901373 0.220032388664 0.973913400734 3
1.3443.26 2.10879934294 0.985646793196 -0.0184161296852 0.984503724332 0.804573050266 0.896331476763 0.053931528546 0.842196435103 0.0756947791165 0.974385092268 3
1.3443.30 1.9201009144 0.967238975048 -0.0192321699683 0.956684214139 -2.39424084078 0.890290933614 0.0562596423717 0.95162008597 0.0319977876106 0.973882333395 3
1.3447.36 1.80310294232 0.953392815467 -0.0287537713202 0.992185878244 2.79051769703 0.939275602049 0.0605742836757 0.902343649151 1.79293946188 0.991864859195 3
1.3448.13 0.689140180827 0.982580749115 -0.0279584127371 0.980894389888 -0.0752236541762 0.895112218072 0.0508126433613 0.802371827744 -1.57009633028 0.974745762154 3
1.3449.62 1.51347908469 0.972002522743 -0.0238058465246 0.97011610245 1.47261848944 0.471219813615 0.121712731364 0.593859955645 -0.0261194029851 0.946387501593 3
1.3451.33 1.69421101478 0.988207497523 -0.0253077413486 0.987583112671 1.45653899694 0.889468366771 0.0532613497575 0.893198264831 1.14223964497 0.92681460232 3
1.3451.9 1.7550561107 0.971551518355 -0.0206975105289 0.882837359527 -2.84157082544 0.754376993154 0.0872061569532 0.842883174193 1.16355511811 0.958807664204 3
1.3562.12 1.13539496828 0.949126579111 -0.0191546798537 0.990716429243 0.969491388773 0.745426229992 0.0874928049605 0.875666365808 -0.363748148148 0.932677156368 3
1.3563.34 2.15701901845 0.901571674813 -0.0220421174615 0.928650776242 -3.89763972194 0.726701546613 0.134798462391 0.702542710269 -0.323234375 0.874353495456 3
1.3565.47 1.77938828485 0.9540472424 -0.026650465391 0.972402202144 -1.73926103636 0.828826198229 0.111462577037 0.634864564539 -0.355045454545 0.973748041028 3
1.3565.87 1.90928135915 0.958270648788 -0.0133756068696 0.995152208872 0.270598690714 0.909894579642 0.0612251820185 0.906711911939 0.0142201834862 0.991722577415 3
1.3567.1010 1.87882047494 0.967047769548 -0.0251602749463 0.982761035472 -2.09854695952 0.705185176654 0.0673739636498 0.905902416587 1.24548072562 0.968310908732 3
1.3570.29 1.93975881064 0.95142012295 -0.0150051792277 0.991561584422 0.85440646771 0.880202230248 0.0450680826322 0.934304039132 -0.212128959276 0.984058604047 3
1.3570.32 2.02171425945 0.962629259005 -0.0249970503075 0.980889581034 1.45811117307 0.859668288587 0.0607140353712 0.926523567784 0.682988738739 0.975993762268 3
1.3571.25 1.98521342915 0.975521093409 -0.00810290191927 0.982545915941 -0.680564862688 0.878731522622 0.0693282385148 0.893672544054 -0.176054421769 0.972836641284 3
1.3571.31 2.03489576272 0.969055740403 -0.0296091816123 0.990645385473 3.34786756166 0.932871902362 0.0381784925406 0.856509798464 0.0419372093023 0.963714403109 3
1.3572.23 2.14098613706 0.964081511516 -0.0472875668884 0.98703695404 1.20986293887 0.799327392358 0.0574576952873 0.803564886222 0.571368852459 0.9853797804 3
1.3683.25 2.269308445 0.977112325134 -0.016825824071 0.964601021409 -3.47725698201 0.903461020206 0.0415791885096 0.794488343827 -0.152137651822 0.948446103839 3
1.3685.41 2.20314013582 0.793171425971 -0.0334981638692 0.95331542334 -1.21531515157 0.92636308142 0.0409483962324 0.762212494162 2.24337398374 0.978275530708 3
1.3686.7 0.500504093505 0.992373151499 -0.0345675885895 0.979488650252 6.16852726746 0.935681949384 0.068875885792 0.894733068066 -0.430349315068 0.965410357136 3
1.3689.21 0.686791032066 0.991314841393 -0.0147737132293 0.982180498034 2.41445982754 0.872975108386 0.0732376526314 0.895670933108 -0.529899103139 0.966954800625 3
1.3691.19 1.94260549516 0.948066096789 -0.017957471218 0.994706980121 0.659133662004 0.925990629454 0.0586104697732 0.916333189784 -0.308621621622 0.993499512994 3
1.3691.32 1.99162258007 0.963380215355 -0.0167336043093 0.996934001024 0.0838869966929 0.780686679846 0.0732133147281 0.918937457137 0.188760820046 0.964902561179 3
1.3691.37 1.84409352872 0.970820155318 -0.0218633189062 0.966665707917 2.7242147747 0.911314939087 0.0558230505615 0.796693486995 1.67217954545 0.980585747112 3
1.3692.16 0.68109736595 0.976859047546 -0.0312728342394 0.987198551506 -6.79699492346 0.856297924098 0.071588368602 0.939542128106 0.164608108108 0.979919682186 3
1.3692.17 0.637931714216 0.989932688839 -0.0248741225666 0.981685993605 2.8104483108 0.941293021441 0.0872721067072 0.845888579053 -0.511753424658 0.98735477758 3
1.3693.11 1.86500180408 0.974755317953 -0.0136897070072 0.990042737039 4.00302833152 0.865019295856 0.0625226167907 0.891431975309 -0.0137593052109 0.993751769794 3
1.3804.26 1.76532891286 0.960969466013 -0.0226304732997 0.979965111497 0.913034268607 0.897611757704 0.0586939724473 0.92337053961 -0.459640661939 0.964126595001 3
1.3805.47 1.90826825832 0.961625726224 -0.0205412478847 0.968628415722 0.674842839901 0.876818659193 0.0361472128656 0.824467661254 0.376207943925 0.944113391453 3
1.3807.24 2.16310463635 0.974280151642 -0.017780061659 0.993085638434 -1.95476136019 0.87467246781 0.0559531990219 0.90937539421 0.725359042553 0.980062046319 3
1.3808.12 1.06573224349 0.96007289598 -0.0243653803074 0.986460597651 -2.9312388491 0.91220227877 0.0540818630563 0.827193212731 1.05869306931 0.974696494264 3
1.3809.937 0.679777767002 0.993263468672 -0.028954431695 0.980546999602 -5.66879740462 0.836952094696 0.0801787770558 0.931719131304 0.237023364486 0.985906792364 3
1.3809.938 1.43671776162 0.915639502207 -0.015745076904 0.996730909671 -2.74400697079 0.816751449184 0.0552611643158 0.934074556036 0.974374701671 0.981392061682 3
1.3810.11 0.553006086187 0.995101131176 -0.036980522272 0.97438669184 1.23032688975 0.923761022544 0.111152255048 0.936490711235 -0.396740825688 0.911450648456 3
1.3812.15 0.814968461457 0.986289895422 -0.0225479022469 0.982330437197 -2.09799824787 0.910724198167 0.0652056459734 0.91731862337 -0.00356108597285 0.987621423629 3
1.3812.18 1.00587301647 0.971728218294 -0.0174776357485 0.987041740957 3.29092109521 0.920041163871 0.0555283067195 0.953042043548 0.639304932735 0.951694154474 3
1.3813.7 1.31255812038 0.913143815796 -0.0124786139307 0.982176458492 -0.676388639703 0.836561077062 0.0576905845763 0.926589563421 -1.0620195599 0.969852919178 3
1.3927.29 1.83848073148 0.961352509605 -0.0334842010619 0.99691762339 -0.418490870658 0.942265924974 0.0486578438117 0.884000328949 0.0543178654292 0.992453017113 3
1.3927.46 1.9052201747 0.947738161233 -0.0252771333567 0.99290761819 1.16148944379 0.91643065811 0.0532766554398 0.900568807927 0.0643248847926 0.988769368727 3
1.3927.58 1.92627978077 0.970725733145 -0.026739289568 0.995642576168 0.360978431492 0.866630400734 0.0627138152622 0.779037892969 0.90121559633 0.957561181816 3
1.3928.26 1.89155276606 0.970535604591 -0.0149028924172 0.988578864359 0.791404517695 0.913387071383 0.060943341777 0.887452983764 -1.33688888889 0.98278950688 3
1.3929.107 1.93917125964 0.96560353168 -0.0341176874021 0.978110705754 -0.734938135814 0.932554715448 0.0587304276232 0.934445043932 0.891701631702 0.982270006853 3
1.3933.64 1.88618414039 0.95991830875 -0.0224685229604 0.991042310654 1.36972091761 0.737224525857 0.0551273336831 0.89533338969 0.546221176471 0.98237035247 3
1.4046.1615 1.94733641127 0.95475458701 -0.0279748053946 0.99083990528 0.894954234321 0.881289465303 0.05561367198 0.872681481551 0.188808153477 0.978287331456 3
1.4047.1441 1.87168070226 0.977620429473 -0.0376242698639 0.981753392047 -0.189953733204 0.846986544561 0.0397178376602 0.836553220417 -0.58637962963 0.968482097122 3
1.4048.28 1.92835142484 0.937394180101 -0.0105059708798 0.980911592384 -0.437680248168 0.894905216713 0.0473495856898 0.901177725616 2.23851809955 0.974285146008 3
1.4048.6 1.17142980564 0.973733249421 -0.0321653018723 0.992266231235 -1.17183262598 0.924022830834 0.071322160762 0.878008836298 -1.14425899281 0.946756256407 3
1.4049.1534 2.01658381117 0.924748947292 -0.0199611472 0.992711217888 -0.925441805179 0.845030736022 0.0547685986601 0.935044974617 -0.790479809976 0.979854445492 3
1.4052.55 2.37181956476 0.965306433523 -0.0208679176509 0.988783710944 0.185457598767 0.917001934684 0.0408069918717 0.855320228039 0.215390300231 0.977111999924 3
1.4053.53 2.03408967799 0.952559708491 -0.0149924860042 0.992933780005 -0.595859988602 0.946651863042 0.0985396931012 0.868025337584 2.25042494226 0.990171565866 3
1.4054.15 1.13858491197 0.992408292961 -0.0236417857498 0.989541263284 1.72215758445 0.903599353346 0.0557236473179 0.875881009282 -0.431348404255 0.984069854533 3
1.4055.2227 1.75580569702 0.962046943335 -0.028644588906 0.984733296653 -5.88566978293 0.873060300479 0.0463585137481 0.904461762541 0.124029239766 0.965658000324 3
1.4171.24 1.5525344528 0.980001803907 -0.0336284663044 0.992839690028 -15.1730674714 0.785970699437 0.0676824321794 0.867431736913 1.10658254717 0.966899909802 3
1.4175.14 1.41698416702 0.969877431637 -0.00967442545173 0.950710940023 1.26938807045 0.880532870196 0.0770626472369 0.914958843468 -1.11016407982 0.960866351108 3
1.4176.34 2.10628890917 0.964537010856 -0.0126691212709 0.953644945061 -0.417509429262 0.843487914252 0.0583668281579 0.882695130811 0.144039534884 0.990357323515 3
1.4289.25 1.62523711829 0.985682592714 -0.0234482138712 0.995359651842 0.468001859609 0.892205479907 0.0845284281468 0.948292231278 0.277674157303 0.969196496644 3
1.4291.35 2.13239360343 0.963219560931 -0.017754692315 0.996653492859 0.871763894251 0.927617251581 0.0369369738941 0.790909887125 0.249321678322 0.987195181427 3
1.4294.36 1.7971436438 0.982738242015 -0.0310354000733 0.987356266266 0.197381838034 0.928186551637 0.0313110872725 0.927454644047 -0.504276887872 0.984025522378 3
1.4296.70 1.99308131133 0.905884339246 -0.009831791819 0.960442134 0.380355571395 0.85406242389 0.0898190694536 0.954519395944 0.72150660793 0.983236193563 3
1.4412.29 2.2944084014 0.910378727331 -0.0301836203903 0.986954867844 -0.309487658655 0.897601605466 0.0710733404627 0.808315295723 0.166994594595 0.975631158019 3
1.4414.42 2.15348517157 0.956845986463 -0.0178253274654 0.995381031532 -1.76955141526 0.829138772491 0.0639664685213 0.878256782818 -0.367906077348 0.942066485704 3
1.4415.55 2.16142149751 0.884812535247 -0.0139401986771 0.984068850424 0.456001320615 0.703412537892 0.0797367660005 0.88188643623 1.15635406699 0.982628308343 3
1.4417.13 1.65004451681 0.975896399532 -0.0347892815037 0.989460248729 -0.162362345561 0.928304212049 0.0439915192821 0.895767774073 -1.75465831435 0.989449192896 3
1.4531.168 1.5121386635 0.97112604269 -0.0878751236 0.989987941649 -0.431172786244 0.853365921088 0.122888206517 0.867611813768 1.37823846154 0.899375634629 3
1.4531.99 2.03364238392 0.960181882116 -0.0155945241318 0.975532106481 -0.120820943524 0.841601235608 0.0662239037403 0.861330096487 1.62573903509 0.967839197129 3
1.4532.66 1.98088540224 0.971785737435 -0.026843566686 0.996575600804 0.09571176473 0.924535579344 0.0547942206914 0.924951790037 0.812817391304 0.992626829725 3
1.4534.23 1.55924279177 0.981452133347 -0.0100370323163 0.988088412599 0.370311443573 0.857862157095 0.0545230051676 0.916357346502 -0.287040178571 0.969503885545 3
1.4534.33 2.01057820314 0.9673436834 -0.0318003688107 0.996362671067 -0.413131188125 0.915926660916 0.0477558302905 0.935921585155 0.37679868709 0.981135849806 3
1.4534.48 2.20864964757 0.971296361551 -0.0190648682179 0.982640830418 0.217388045906 0.83018296368 0.0900988172209 0.91097607924 0.0079595959596 0.973779406786 3
1.4539.77 1.99952394267 0.960945808691 -0.0315987326495 0.985068641971 0.109756630327 0.803797754645 0.0620329079374 0.850228812845 0.249603211009 0.93385034748 3
1.4652.42 2.12831323051 0.941139186712 -0.0180342391702 0.997072184817 -2.62313122493 0.828826889964 0.040943255241 0.931055143387 0.274118421053 0.995548046631 3
1.4653.29 1.93290522143 0.987275239289 -0.0271088346051 0.989549836975 -1.11349099376 0.882728746317 0.0463677814806 0.894850852811 0.0777037037037 0.992239696436 3
1.4655.46 2.24303642726 0.949613458913 -0.0210138645387 0.91854522721 -0.430901738395 0.822622802192 0.0558801969294 0.859108857107 0.463232044199 0.975634039423 3
1.4657.37 2.66685354255 0.972364195208 -0.0112013096711 0.951744062424 -0.67105693818 0.895938005591 0.0846680986245 0.852125729307 0.77318556701 0.969317144872 3
1.4659.63 2.2989979389 0.965952608704 -0.0343156270809 0.987851782293 -13.2919716936 0.857971218524 0.0779209767741 0.882591444062 1.30306857143 0.960981446033 3
2.4662.12 2.20142855717 0.95845251252 -0.02361263564 0.983967811303 2.15807302457 0.935205959565 0.0557174642374 0.885631061923 0.138604166667 0.980539211638 3
2.4785.21 2.33849360239 0.964526740045 -0.0305443640955 0.983747703328 -0.212086337133 0.928417889629 0.0356834206787 0.816197586018 -1.26581924883 0.946276921029 3
2.4788.82 2.09203597152 0.969431882584 -0.0185693948035 0.990596578362 -0.157391651938 0.858433072745 0.0472926000472 0.849211994891 1.0197361809 0.98763012821 3
2.4790.48 2.22958623308 0.933065899162 -0.0306817518176 0.991909057673 -1.25496516968 0.853956849593 0.0321185947047 0.958279849538 1.38038686131 0.989185662838 3
2.5026.16 1.42204457891 0.978587365264 -0.0285037820575 0.992118562928 -2.13376605312 0.944895235209 0.0674785774327 0.825583455188 -0.237171912833 0.962589406989 3
2.5027.10 1.86666799191 0.97998242057 -0.0360780669307 0.990343899881 0.494256120597 0.935831172174 0.0402851270168 0.884282776065 0.198951156812 0.987713996528 3
2.5144.4495 2.13827955474 0.986667006137 -0.0326217152759 0.978238402893 0.00251197517229 0.937137531614 0.0404016084014 0.907565621922 -1.6039469697 0.995327154369 3
2.5148.126 1.9867648339 0.980540213804 -0.0228934200017 0.941539512776 -0.888471454655 0.837356197177 0.055101602583 0.907593392067 1.28863567839 0.975469401918 3
2.5148.29 2.28126316627 0.959344591631 -0.0318619358749 0.993142445279 1.46112231716 0.885368283586 0.0602606256845 0.890471313855 0.481274559194 0.977100866783 3
2.5265.3739 2.07357232094 0.963991253068 -0.032607021008 0.975437488669 -3.4372146632 0.71947217748 0.0399085983952 0.83927939461 0.123424802111 0.962883309875 3
2.5268.1302 2.37212357171 0.962308145004 -0.0390256499094 0.987897662059 -0.0752966611681 0.920871665762 0.0250088313285 0.832375114831 -0.721233766234 0.981993527569 3
2.5268.1328 2.30964970044 0.918283603778 -0.034878453853 0.911939584303 1.50891088825 0.817224262021 0.0725452525012 0.800275668627 1.35925806452 0.973220537102 3
2.5270.1994 2.18507984389 0.967549921586 -0.0301783483957 0.970892805985 0.852469252601 0.888569525205 0.0643707965693 0.840288522221 0.0833043478261 0.974802817445 3
2.5386.4437 2.44627433413 0.964905584358 -0.0106592026672 0.981493562804 1.79898241109 0.839412081758 0.0732088748179 0.864640290576 0.396892344498 0.98820608563 3
2.5390.43 2.36419829023 0.947977906484 -0.0430757139488 0.993422379125 -1.53333151481 0.926354456557 0.0301121080427 0.923034515577 1.12336319613 0.984458057573 3
2.5509.20 1.98776197833 0.897585809511 -0.0138981710036 0.992558335618 -0.735644096388 0.938968650331 0.0474707523691 0.922595375068 -1.60815384615 0.981952276351 3
2.5510.52 1.45988760722 0.95580511173 -0.017690163561 0.988294370888 0.255088568677 0.905409017098 0.0584594226567 0.936643527772 1.43891729323 0.976906179634 3
2.5628.4390 1.91586102514 0.974734408836 -0.0333115968402 0.991656399274 -0.0389980870871 0.90152711564 0.0382889597529 0.775746457467 -0.51495599022 0.987113911098 3
2.5631.44 2.34178453324 0.968147368775 -0.0179954621348 0.989724081117 -0.133963254836 0.866341136859 0.0339537528218 0.932433951802 0.784970515971 0.980791747744 3
2.5750.1942 2.2598909962 0.969073792308 -0.015560645498 0.8856176158 0.318362508218 0.944678708755 0.0720903362809 0.858553098069 0.0997855153203 0.931539882505 3
2.5750.1943 2.13692709894 0.965470358351 -0.0247400420736 0.97995855142 -2.65613549472 0.926521837851 0.0464123980894 0.744567174245 0.122293670886 0.9587481744 3
2.5751.44 2.00148502349 0.969991328959 -0.0477261579485 0.985950261535 0.224278808626 0.916571536898 0.0854539378577 0.786607303789 0.864169444444 0.962934504209 3
1.3325.93 1.58939102638 0.984363596228 -0.0424319305051 0.98505503377 -0.111687607298 0.755499028729 0.112885896783 0.89832058181 1.49177542373 0.987369993899 4
1.3442.172 1.44234279278 0.955325892905 -0.0166692678495 0.960786912268 0.333729780239 0.728224893119 0.109506266736 0.878180627486 -0.758811111111 0.978320873289 4
1.3442.233 1.60084180073 0.88535829982 -0.0370701058892 0.961380021786 0.387477983664 0.737280359428 0.0827259017637 0.865757025137 -0.00420224719101 0.983712920926 4
1.3443.177 1.94290823522 0.967871948105 -0.00804532287845 0.960099183358 0.118415729844 0.905567880533 0.0752403485193 0.842035276355 -1.68198120301 0.975254742153 4
1.3444.1086 2.10182207603 0.975053815329 -0.0449892182725 0.941214277103 0.144663068959 0.845240758366 0.0898909697886 0.887757146921 -0.0472313432836 0.973185110096 4
1.3444.614 1.48979611945 0.955650732372 -0.0226603175876 0.978485948378 0.329003860299 0.773231043315 0.0734236151553 0.931048698062 -0.564465201465 0.965055550133 4
1.3444.880 1.84228031883 0.957139952346 -0.0245685243491 0.977400925952 0.0296358110539 0.865789455794 0.13322207997 0.876599215884 0.552324626866 0.984209834698 4
1.3445.320 1.72836494511 0.968801808407 -0.0115238559694 0.951232096366 0.192030592251 0.78406762125 0.0548260682254 0.868739745208 -1.0798125 0.89851111315 4
1.3446.1407 1.93784327869 0.971788347952 -0.0186152497609 0.982857824184 0.138302549268 0.931293462736 0.0416895173111 0.742783196717 -0.465334061135 0.976451492981 4
1.3447.783 1.92728489586 0.98626320423 -0.0298849846201 0.991375145857 0.128564506036 0.937729292492 0.0826116818782 0.928595478757 0.864417040359 0.990992352214 4
1.3448.153 1.96319876926 0.987503132608 -0.00663135346559 0.987369937981 0.15967937391 0.898575207467 0.0615020642632 0.916581083553 -0.769348314607 0.99176969295 4
1.3448.294 2.055598692 0.962426755553 -0.0114735254574 0.967969871938 0.290275651439 0.935707050476 0.0540222224778 0.888946389191 0.0401172413793 0.972350730086 4
1.3449.149 2.11583090041 0.971970183481 -0.0109206493773 0.985153724849 0.634430641642 0.915517321172 0.0682413230053 0.815316882565 1.50524145786 0.972676182939 4
1.3449.27 1.91513146341 0.866475702962 -0.0123701757668 0.966484942278 0.292291727783 0.927498684735 0.0986760485174 0.896096168433 -3.82802992519 0.984400083947 4
1.3449.948 1.84025477329 0.970555115711 -0.0320048469471 0.953860110546 0.646006241833 0.83428242176 0.0687261162455 0.858080293219 2.85789711934 0.942132218055 4
1.3562.57 1.80887695941 0.97838608021 -0.0127276738668 0.955733372365 0.139088243794 0.877097736118 0.102724455847 0.817657565889 -1.440235 0.825355574925 4
1.3564.163 2.10978449718 0.979332529263 -0.00882555585411 0.882301694523 -0.0111170361863 0.823085963242 0.0670443657816 0.856722281482 -1.61266793893 0.981942342909 4
1.3564.516 2.00626771811 0.938411520292 -0.0158305679279 0.951640931556 0.184674700594 0.811628168663 0.0601039695812 0.708796214015 1.47291923077 0.974098240617 4
1.3565.99 1.93065064663 0.970565069404 -0.0108478116201 0.963152116511 0.297850960381 0.856626355631 0.087040727459 0.80377660289 -2.64730534351 0.95825418478 4
1.3566.1669 1.81934278183 0.873074845663 -0.0772750173159 0.855858264905 0.250193606827 0.470906426838 0.152682393178 0.308055153908 4.77419642857 0.941508299326 4
1.3566.24 1.73292886221 0.880695725147 -0.00423262507585 0.983446732096 0.938782119743 0.80423295496 0.143243534245 0.874590655391 -1.55210179641 0.945428171198 4
1.3566.63 1.81841246483 0.981431707498 -0.00845585154247 0.969685291915 0.228512925405 0.940343382054 0.0466832791228 0.919440323735 -1.714950783 0.988047444011 4
1.3567.1118 1.97713956184 0.988497899608 -0.00827701178306 0.986026689343 0.0590477426471 0.868298729126 0.0759929848769 0.804312495127 -0.453129107981 0.973288167309 4
1.3567.1136 1.86788955352 0.987717695417 -0.0140069309527 0.985252181484 0.138953022216 0.928890343687 0.0550681254807 0.830318249946 -0.818703614458 0.977344262198 4
1.3567.1207 1.72611484569 0.981565825724 -0.0148384105033 0.962775043869 -0.109152388287 0.944423055772 0.0568152740275 0.878812770029 -0.0982072072072 0.947522595407 4
1.3568.288 2.13523310064 0.974867796751 -0.00833355151874 0.972728432118 0.238235392686 0.944196652172 0.0891263843956 0.921872825395 -0.506945454545 0.974359998523 4
1.3568.297 2.15615319958 0.980230690941 -0.017110652379 0.989593074804 0.121894029888 0.853181118952 0.0364532713915 0.861229035373 -1.68330751708 0.963542803707 4
1.3569.1182 1.79073997005 0.986175805952 -0.0507162680269 0.940567851195 -0.063689544619 0.890208118801 0.0844524768843 0.926896113943 2.92696766744 0.978135308212 4
1.3569.71 1.79509952884 0.981931597469 -0.00789027504608 0.96160918497 0.169340718758 0.946925160523 0.0669478449422 0.911788421598 -0.199907239819 0.980958984892 4
1.3571.131 1.88637795723 0.941167899278 -0.00518873146961 0.981500773529 0.0872434652849 0.829596567444 0.0721293262653 0.950685344615 -2.18765675057 0.968789519489 4
1.3571.1323 2.02397546437 0.989131361283 -0.0316031265785 0.969877823794 0.278870310874 0.874841436429 0.0466847047123 0.868472593153 0.0295388127854 0.98982716164 4
1.3571.598 1.76191126624 0.929966781108 -0.0470495148126 0.975052356726 0.223175175628 0.777680830571 0.0428915135872 0.770121402674 1.4388365019 0.985210297655 4
1.3684.237 1.88886407335 0.942572485481 -0.0146636695128 0.983402070058 0.460336157159 0.91867166217 0.0735103008218 0.953441975146 -0.581078651685 0.953767248674 4
1.3684.265 2.06232528591 0.983184423607 -0.0375220685089 0.963841355989 0.235484601102 0.940755860063 0.0954126518748 0.745455576866 0.634126436782 0.96537374018 4
1.3685.92 2.04299397861 0.947352520706 -0.0113826859812 0.94711097824 0.0698042959161 0.789111534244 0.107537705755 0.854784875159 -2.67279475983 0.969300465085 4
1.3687.1568 1.79079146852 0.928978068453 -0.0561233393214 0.884238026368 0.0564190052257 0.925936920602 0.0749939637824 0.772347924953 1.93523412698 0.955282892695 4
1.3687.193 1.95829468312 0.93938890057 -0.0149400339601 0.944282138685 -0.0195071934062 0.649274664226 0.12346596291 0.876700440316 -1.74202369668 0.977948316524 4
1.3687.887 1.96658640874 0.979903815312 -0.0416943062077 0.967428610482 0.0126299767405 0.836277613853 0.0685399184569 0.930340557258 1.58501677852 0.954297731095 4
1.3688.1073 2.18935480533 0.976134354219 -0.00743720307377 0.968742973977 0.0553151480866 0.839210937681 0.0651640280163 0.851717329904 -0.724315315315 0.979991548262 4
1.3688.1093 1.84688361197 0.98322151792 -0.00565734717664 0.935801077581 0.416717918654 0.952520966971 0.0967347733119 0.86447521562 1.23453296703 0.987328805336 4
1.3690.31 1.79724057119 0.976720683787 -0.0133244636194 0.978504335266 0.319375782368 0.915119882618 0.0439327978298 0.912798141104 -2.30075321337 0.988638782783 4
1.3691.210 2.06185667318 0.971480298101 -0.0130202487332 0.945362912662 0.227403568868 0.852920668506 0.0626985812158 0.844633434425 -1.35744366197 0.983412418041 4
1.3692.337 1.91750877774 0.973610090238 -0.0138138642067 0.92233167533 0.257779608079 0.936490906876 0.0456390863093 0.953611952382 1.25118181818 0.982626843276 4
1.3692.66 2.29884544446 0.991753515045 -0.016595268594 0.989021291515 0.104457225909 0.946879344176 0.0588544314749 0.686271521967 -1.12741772152 0.990899410829 4
1.3804.164 1.79930365052 0.973735411757 -0.0121644286635 0.940709639348 0.13067094049 0.885985910737 0.0610946495749 0.865855787737 -2.34062626263 0.926512932666 4
1.3804.2476 1.9677039962 0.971148857554 -0.0490679947129 0.940771590442 0.13587130459 0.901537020798 0.0814661145849 0.922395522496 1.53127619048 0.951463741661 4
1.3805.176 1.88340782939 0.934824997652 -0.00748810747135 0.973650608139 0.28835620893 0.957061635878 0.0621662169885 0.915411470693 -2.77602745995 0.987176258282 4
1.3805.2115 2.07729727336 0.893563830407 -0.0462279699613 0.964605900642 -0.0741153259473 0.763995897561 0.0555050340877 0.887092727248 1.8811784897 0.955530025691 4
1.3805.213 2.10302849622 0.987242384761 -0.0216672805493 0.991295376495 -0.0411845208507 0.911514044187 0.0426536460613 0.923467957034 -0.862865470852 0.988487891183 4
1.3806.317 1.81660629961 0.955443973434 -0.008693005193 0.978207424307 0.101354628157 0.934534097622 0.0907325015385 0.85511553987 -0.799455782313 0.927613756377 4
1.3806.699 2.06185439266 0.975122205641 -0.0244889377604 0.957292427559 0.0195104391115 0.756225558308 0.0671582896561 0.799129427974 -1.02972954545 0.96998038502 4
1.3807.1436 1.89932362612 0.974651908194 -0.0471030068442 0.983390977457 -0.0821138271576 0.922204376999 0.0871477089124 0.929312223301 3.29273399015 0.977675780302 4
1.3807.48 1.99563986081 0.979727603069 -0.0102053586312 0.991298892126 0.898382511065 0.780938193078 0.071783940589 0.916985649657 -0.728941747573 0.990143792682 4
1.3808.91 2.02860359925 0.953612768648 -0.014114336314 0.990611972297 -0.235623209888 0.911123562551 0.046915787613 0.90901522509 -0.765818639798 0.955985745973 4
1.3809.1058 1.26111397363 0.959883221336 -0.0126036479574 0.977910004986 -0.258114522529 0.770145376488 0.113250155469 0.93441874581 -0.324202173913 0.932311205736 4
1.3809.1208 2.00476203645 0.992059650047 -0.010909721101 0.931906816421 0.181295221608 0.782214523279 0.0570738296633 0.867898384854 -0.703597674419 0.95808614954 4
1.3809.1351 1.91917078512 0.98357076902 -0.0137737853791 0.97129430033 0.144782922453 0.83778438213 0.0881515703041 0.882867770932 -1.72782938389 0.947567501904 4
1.3809.2710 1.7677262477 0.98117085873 -0.156575765981 0.948218725957 -0.0524979749982 0.858272517025 0.0645354351696 0.948309009533 1.37713076923 0.976549406965 4
1.3810.1131 1.79596357653 0.969733012897 -0.0486790169114 0.934294412046 -0.0168454270853 0.796473872271 0.074817220735 0.943334707929 4.90587643021 0.989707237131 4
1.3810.19 0.372841319652 0.986891655592 -0.0139483636575 0.990649685375 0.0577558421055 0.796068789318 0.0945943416119 0.918471917145 -5.42939746835 0.893212006372 4
1.3810.2163 1.91456445782 0.990092591751 -0.107363226786 0.981977276161 0.141114308925 0.911592566602 0.101428210241 0.838414530695 2.56752083333 0.966397233356 4
1.3811.138 2.01548196456 0.961665226844 -0.00421975790499 0.993332492826 -0.0994392310735 0.853994828966 0.103473842597 0.820975501253 -0.700340857788 0.960210926483 4
1.3811.175 1.92483007863 0.955199419879 -0.0190051017005 0.986211479523 0.0589353189949 0.821564791107 0.0656248096375 0.852804234437 -2.51958254717 0.976413885541 4
1.3813.1263 1.34929601709 0.9667178125 -0.0409378979555 0.918607444858 0.0128481958347 0.904192487538 0.0781819197297 0.930511194979 2.71308314088 0.974915022711 4
1.3813.52 1.78301352047 0.977503954914 -0.00550584775993 0.980793960291 0.211780191912 0.889771219069 0.0663481384635 0.873776119196 -2.29453647059 0.977968839988 4
1.3814.139 1.7005470906 0.914816775319 -0.0421872880405 0.932412384098 -0.0230374164807 0.809040038518 0.0591289633411 0.899653700447 -0.370570071259 0.939560484096 4
1.3924.64 2.01271413567 0.939939422985 -0.0217286929676 0.983655895826 0.0856648479041 0.934438668114 0.0629599336791 0.917972942147 -0.875572115385 0.956795786836 4
1.3925.1293 2.00848814167 0.979593600025 -0.0171254175644 0.966877851887 0.10835836726 0.829617836074 0.0563609705576 0.908471104777 -1.29703178484 0.985314393621 4
1.3925.2038 2.10588957901 0.984908474281 -0.0528475615881 0.97735633985 0.142121015578 0.876754492198 0.0535431085718 0.929447569683 1.55485106383 0.983773153322 4
1.3926.365 1.92422193269 0.970183354724 -0.0094353211669 0.978951442472 0.0258808645149 0.934695188096 0.0694333619453 0.746525985131 -1.30482735426 0.981229614792 4
1.3927.1187 1.83749507581 0.975097095871 -0.0360461545631 0.954964864922 0.146869205365 0.910674294629 0.0645334335429 0.905420850837 -0.599322115385 0.982383885172 4
1.3928.1750 1.94856022698 0.971983829018 -0.0700596469408 0.969383321752 0.3317115503 0.918333782192 0.0467426751669 0.922424768377 1.14070546318 0.947884059789 4
1.3928.463 1.89306403949 0.968437051884 -0.0217674211923 0.945032946659 0.114902729436 0.791638565878 0.0500586815529 0.846827141876 0.24868287037 0.989472055581 4
1.3929.247 1.81458968681 0.918868666905 -0.0171096193329 0.970451126779 0.176687528974 0.838402078595 0.0901502288778 0.720315799732 -0.201306264501 0.987701910941 4
1.3929.255 2.05806729063 0.959978722882 -0.00889123453266 0.960690162792 -0.0348032323964 0.88256907892 0.0694952413343 0.94764571999 -0.0789241071429 0.96596888498 4
1.3930.1050 2.04080219479 0.968599417663 -0.0172128697613 0.975394212503 0.241104784397 0.737992296819 0.0600624149454 0.933449911209 -0.706650462963 0.956282298475 4
1.3930.1143 2.08104706023 0.973234896468 -0.0119051491741 0.944320952244 0.0308073730161 0.836822677776 0.0945323297561 0.933758523833 -1.64129587156 0.939176575021 4
1.3930.1846 1.8607660059 0.988111677551 -0.0285097225668 0.923440715256 0.497626965277 0.930235081134 0.0817647763325 0.785815452817 2.59398927039 0.924576481185 4
1.3930.962 1.38289244555 0.954716272652 -0.0219905070489 0.986252157375 0.166598322194 0.916875396811 0.0613123518587 0.939799154066 -1.02452401747 0.978078397204 4
1.3931.127 2.039707969 0.960414757502 -0.00673187018333 0.972958990823 0.173839545261 0.874318405646 0.0479150329812 0.876596545562 -0.42764516129 0.978010970204 4
1.3931.146 2.03285130166 0.944717722242 -0.00535076723354 0.994859057662 0.469647850303 0.91092734097 0.0650468738332 0.948428700988 -0.0373441558442 0.967345778144 4
1.3931.98 1.67578626135 0.982018064083 -0.00796222919115 0.946892844441 0.536457370228 0.937325023591 0.0832463242142 0.927673663322 -0.611845814978 0.960512021555 4
1.3932.110 2.06738659889 0.966221792034 -0.0102983857908 0.977750781771 0.582046661994 0.921157784355 0.07935728257 0.78503486311 -1.81608888889 0.981760069843 4
1.3932.557 1.15264977175 0.973767798243 -0.025460774363 0.982902922154 0.0163242380125 0.891227646761 0.0610715435703 0.94201325495 0.536644859813 0.990000072405 4
1.3933.329 2.06054613503 0.948478107977 -0.0127525740141 0.966326140841 0.0621733234388 0.91281910765 0.067471968548 0.859586177892 -0.942464285714 0.983500214863 4
1.3934.683 2.0135562732 0.972340804991 -0.0197693780519 0.938072161353 0.199092135978 0.876009945783 0.0439578654265 0.90129715902 -0.996482837529 0.968913982701 4
1.4046.2388 2.00080922756 0.981374224215 -0.0360607901131 0.970722068719 0.0168278553849 0.927944187577 0.0533713952117 0.745208399541 -0.228068627451 0.938847547063 4
1.4047.2469 1.95278089242 0.991182925578 -0.0773572550947 0.946254084896 -0.015408274321 0.940849693379 0.0883067802357 0.929940800497 0.26872195122 0.946784641663 4
1.4047.536 1.8481541982 0.931959813969 -0.0432938360575 0.980637805039 -0.179250919127 0.823266674069 0.0495283848136 0.892687630584 3.01101190476 0.990409383993 4
1.4048.1635 1.90463252271 0.986318937063 -0.0270627268564 0.99197343182 0.37138620705 0.922982180578 0.0530347186707 0.866074150406 -1.3900383693 0.982051228411 4
1.4049.169 1.95974924996 0.979608901842 -0.0112005072213 0.874019566026 0.295973137379 0.911425849618 0.0756463697467 0.888249762086 -1.38210858586 0.989259297653 4
1.4049.1986 1.72926348182 0.846874347572 -0.0541171260351 0.975102607218 0.439538327075 0.535825852168 0.143829610676 0.499220286194 1.22 0.972107129449 4
1.4050.107 2.1340428107 0.961198181879 -0.016460132245 0.980315704673 1.18993491941 0.782015213667 0.0655091321893 0.749184621594 0.692357142857 0.977452812231 4
1.4050.1680 2.03570732067 0.988513339041 -0.0275402345695 0.979131535345 0.680082193519 0.939132661548 0.0636765951812 0.913943160207 -1.05867209302 0.989530039829 4
1.4051.2318 1.60043083372 0.947925814332 -0.0121123480867 0.872019483301 0.191338140297 0.957601827093 0.0839040504249 0.911125631448 -1.22137819026 0.922173989148 4
1.4051.445 1.90021703876 0.934512292849 -0.0097182854751 0.97348234678 -0.152637875646 0.962317634093 0.0429222724765 0.912338926775 -0.622004830918 0.954869879176 4
1.4051.479 1.61542122106 0.970006907262 -0.0400669412922 0.980615899976 0.562445623042 0.787198322546 0.0713867939857 0.851639224951 1.96493607306 0.966387826796 4
1.4052.2379 1.87618253882 0.96071000056 -0.0113118012304 0.953647967483 0.323868009441 0.756963038696 0.0465143475175 0.877379057779 -1.92518526786 0.982314428675 4
1.4052.2486 2.14286023713 0.981965152971 -0.0112559539465 0.970838849332 0.129016441888 0.917547772022 0.0739276498499 0.953763374369 -0.70616626506 0.940889907652 4
1.4052.379 1.98387104294 0.954252462311 -0.0152879038975 0.965485833029 0.232660956544 0.873601105693 0.0344887258637 0.836030848582 0.266985330073 0.979387623121 4
1.4053.146 2.17017840868 0.977474992301 -0.011549967757 0.992683026993 0.163046050832 0.934975958446 0.048859043833 0.929345527554 -0.72626618705 0.992665595392 4
1.4053.197 2.02841314143 0.992454917629 -0.0148949079971 0.964406540009 0.293828077895 0.844973044417 0.0571822627494 0.892190933864 -0.506822222222 0.949302432127 4
1.4053.208 2.04064786221 0.964376569275 -0.0290424804578 0.907930850324 0.201285559628 0.879184708896 0.102209801114 0.841416745352 -0.753201900238 0.937926319279 4
1.4053.255 1.86148918064 0.981606271376 -0.0247381752635 0.955800554622 0.138357264451 0.868383025634 0.0462079744713 0.881614520179 -0.732337378641 0.947048896795 4
1.4054.2524 1.96742273354 0.973061927738 -0.0411154332016 0.976703191566 0.193970885335 0.909351803168 0.056819888723 0.835825975776 1.06167816092 0.988203002948 4
1.4055.98 1.08960698131 0.978109523337 -0.0311402844565 0.97523427829 0.298068835269 0.91772606164 0.139612829909 0.940463513653 -1.23523188406 0.974109706826 4
1.4056.186 1.81655304815 0.946521843937 -0.0233336154047 0.978818734059 0.0701378073637 0.920986887648 0.0824427436536 0.744641543605 -1.01757729469 0.901132081605 4
1.4168.1754 1.98685629213 0.941730538341 -0.039493632407 0.987345352781 0.240629171144 0.895981826128 0.0469836213196 0.858697170882 1.58554109589 0.988000790989 4
1.4168.192 2.02627582627 0.980213252171 -0.0075557654 0.961730157244 -0.00132521815769 0.85132711825 0.0623949435322 0.889620471338 -1.14196583144 0.955367109368 4
1.4168.409 1.91157977102 0.981923724536 -0.0081779725839 0.964340931233 0.0230598407291 0.777145381309 0.113442270918 0.847474103606 -0.515597911227 0.95218261598 4
1.4168.434 0.854739574263 0.979100913105 -0.038665594158 0.976175615598 -0.0128790455755 0.893568543505 0.0811350491314 0.886947308795 -0.00431234256927 0.971994017332 4
1.4170.1016 2.05558981156 0.934346258942 -0.0207603526814 0.960035114686 0.121779478342 0.922336745976 0.0565862598871 0.817864963752 0.686079006772 0.969064641431 4
1.4170.316 1.91663875213 0.966785243955 -0.0193019353517 0.979985229982 -0.0543130608999 0.88181314135 0.077014253257 0.878021679243 -0.636589285714 0.972855196517 4
