#Macho_id Sigma_B Sigma_B_comp Eta_B Eta_B_comp stetson_L_B stetson_L_B_comp CuSum_B CuSum_B_comp B-R B-R_comp label
1.3567.1310 0.426973571581 0.873345412787 -0.0149133302956 0.775812304855 3.55058254157 0.629150077664 0.394759246227 0.74966917199 -0.312716775599 0.813270233157 2
1.4176.155 0.296689025243 0.592181436234 -0.0108154043724 0.730279597148 4.61746739823 0.682378272322 0.414505804349 0.60851718038 -0.326577097506 0.985239520533 2
1.4410.291 1.38337892015 0.91345282152 -0.0103272853521 0.955708734845 1.43894051308 0.803503713024 0.23638603163 0.744269120557 -0.345104513064 0.932372105765 2
1.4413.373 1.88981309084 0.98982115621 -0.0188661994274 0.937436563884 0.575958461536 0.90023414063 0.141216811016 0.942914456987 -0.391351635514 0.952141550376 2
1.4530.136 0.318171183187 0.938996866355 -0.0110567181859 0.809364463033 2.84776848382 0.467499523646 0.404393725094 0.757074814834 -0.0422036144578 0.914021797488 2
1.4538.531 1.2644044184 0.967999349223 -0.0119272310146 0.908726148308 0.936765630113 0.486019468462 0.289350306899 0.707195440701 -0.311712435233 0.955899662192 2
1.4653.105 0.38006398855 0.933747136712 -0.00755038809802 0.828623488641 2.96068606869 0.76066484832 0.356660511671 0.778585159001 -0.386162971175 0.971336348669 2
1.4659.335 0.710189471669 0.827631864184 -0.00686063136365 0.727965616641 1.29670384038 0.780836314991 0.346927765636 0.797242781276 -0.3362 0.782120675356 2
10.4279.1493 0.14920855988 0.963894189859 -0.00805988097148 0.862546039358 3.48508626389 0.872052077459 0.37225694149 0.814997528408 -0.196486614173 0.95017548561 2
11.8751.968 0.689873034199 0.924667611586 -0.0524279546874 0.791154652559 1.33582676374 0.773053688134 0.308689657668 0.739930958367 0.397100973236 0.900392671975 2
11.9358.200 1.11082538658 0.985732340093 -0.010124982562 0.907544681995 1.07895123617 0.923471631583 0.155735303819 0.541062915024 0.0460594936709 0.94478173176 2
11.9714.184 1.36507597761 0.992065895699 -0.0114264166833 0.993392348303 1.02845036188 0.949363979352 0.116323801502 0.87939699009 0.120584018801 0.990540276302 2
11.9720.68 0.546399739161 0.883054672564 -0.0067080849106 0.74803500516 4.74575233957 0.484908495013 0.371034240595 0.67268347554 -0.0616078947368 0.911786071885 2
12.10561.1161 1.00959831106 0.758388124646 -0.0106223701531 0.784717446078 1.82713528599 0.404678522987 0.318714674122 0.571202242115 -0.113367952522 0.894722542548 2
12.10684.267 1.31525211032 0.883079711242 -0.0149869213205 0.967647970033 1.42256805777 0.873215134391 0.236459444486 0.776989469144 -0.0806801801802 0.936676977036 2
12.10926.76 1.46323165597 0.749170286487 -0.00715699047677 0.578763084655 1.48561431731 0.865651718185 0.204722987992 0.74928337526 -0.0817003058104 0.903669654482 2
13.6689.2365 1.0384730383 0.900617263407 -0.00763034895234 0.967191314708 1.07678961572 0.816649095617 0.237732782166 0.711954476787 -0.277232835821 0.9369163753 2
13.6931.2479 0.439088788711 0.892228647965 -0.00872627783745 0.886511947028 2.80510481413 0.81069084284 0.397240226537 0.905404595629 -0.313661538462 0.852843514178 2
14.8493.39 0.0997168847295 0.93887430163 -0.0118082671415 0.812252275235 10.6043763763 0.809832305334 0.45222630249 0.87545663227 -0.243926395939 0.732944380592 2
14.8622.3551 0.428659229799 0.829569659559 -0.0085470794426 0.892919960138 1.52187727873 0.920930681912 0.316373171388 0.90882958586 -0.490723646724 0.97611081983 2
14.8863.660 0.430416665012 0.840241099301 -0.0102685046546 0.548992722325 3.98047951656 0.560333747953 0.388125622478 0.805263808512 -0.25052916074 0.971119660599 2
14.9587.87 0.940297988605 0.953061969724 -0.00896625568535 0.942470905247 3.36298202938 0.829477867449 0.26072474224 0.837246077718 -0.164005633803 0.83581431678 2
17.2102.357 0.894445498867 0.876618199735 -0.0139586211434 0.983007211419 1.09464067625 0.810075714885 0.290054110176 0.827047759504 -0.474280373832 0.800041758481 2
17.2105.71 0.530639146257 0.883843508453 -0.00572598234846 0.875329531888 2.78519579606 0.824777094897 0.352168655229 0.879714242979 -0.273290055249 0.924856729376 2
17.2108.72 0.495863451471 0.930009499124 -0.00580661804004 0.914639542058 3.70141829354 0.51745262124 0.369021878286 0.85515882675 -0.193841642229 0.982955433081 2
17.2109.108 0.245032874369 0.918633137237 -0.0117777713509 0.835386067717 2.90333176013 0.893923455206 0.402207351634 0.913608258078 -0.370394736842 0.986314575912 2
17.2469.222 0.549665364114 0.856712561703 -0.0104878359011 0.830826882261 1.84486135522 0.772303847238 0.403230290436 0.77086827126 -0.32308 0.650566361612 2
17.3076.164 0.288132551652 0.699662521905 -0.0218957156308 0.647336527235 2.77418614808 0.557470558147 0.425154804828 0.579945179529 -0.474470588235 0.815607080131 2
18.2483.95 0.534500529696 0.733711978261 -0.00742623144752 0.876220502241 3.27362486418 0.880733706776 0.358938871815 0.806821375313 -0.188963636364 0.969120752767 2
18.3445.4646 0.667337519408 0.941903862169 -0.0144572775027 0.981517101683 1.88018038591 0.89144104895 0.373106678083 0.931695277472 -0.376204460967 0.973854140308 2
18.3446.4192 0.066399118109 0.825062338818 -0.0168940826827 0.70505476948 13.7487551877 0.543770512942 0.454203422132 0.870527791623 -0.422332749562 0.886184816985 2
19.3574.89 0.361098477113 0.90993636978 -0.00681670630896 0.940363254467 1.88203303529 0.889417183295 0.293736302995 0.820725693138 -0.431097297297 0.952163193834 2
19.3817.109 0.29325642263 0.890400795774 -0.0102864560376 0.917411659556 1.92148289133 0.905377701305 0.279699436889 0.809865809705 -0.428122615804 0.978243003384 2
19.4306.88 1.43853665334 0.976065835636 -0.00847425469713 0.9059561875 1.38251801796 0.844446635969 0.168189975668 0.746045323462 0.0790180327869 0.96376800167 2
206.16717.81 0.179546182453 0.920875472103 -0.00668064823404 0.697149283161 6.91648206969 0.54268618364 0.315878032956 0.898326953461 -0.328747813411 0.734572894744 2
206.16943.1467 1.19310745437 0.910460983418 -0.00626715752796 0.99416758013 1.10160490782 0.797592745049 0.25024065887 0.919557908901 -0.446916167665 0.8522779435 2
206.17003.54 0.220748762336 0.922380177826 -0.0115107103928 0.857742502129 8.52609830501 0.68539423343 0.377132592301 0.873695757387 -0.0309909228442 0.938971478288 2
207.16253.210 0.483303524358 0.743118980677 -0.0125466248589 0.63564372248 4.05320227912 0.583358455704 0.42406160529 0.559531112389 0.474128913444 0.963738792867 2
207.16256.307 0.289909712867 0.985943968375 -0.0156223268964 0.910671837229 3.40328440399 0.885243243663 0.273813463164 0.7701667183 -0.064120754717 0.988194669195 2
207.16259.243 0.100857480374 0.966001631974 -0.0159030417292 0.878770296271 4.06015130162 0.712757189083 0.384144244157 0.895215106878 -0.458936305732 0.894129148868 2
207.16309.362 1.64064084522 0.906409980119 -0.00816311087217 0.96326930316 0.229092821284 0.806510078656 0.144185579188 0.839725197519 -0.467038461538 0.841415696513 2
207.16369.202 0.251647255154 0.852622672329 -0.00747569949708 0.693508930106 4.06095060013 0.731951155393 0.426086058236 0.755832643929 -0.520530666667 0.757411020783 2
207.16370.107 0.288437675825 0.962652407746 -0.0118917010144 0.925659799245 4.03429666684 0.873801727566 0.255989248819 0.760755186308 0.708715046605 0.93573636875 2
207.16483.111 0.17816866841 0.996272955182 -0.00703689715724 0.945164790897 6.53175004978 0.726176866253 0.391140607795 0.804179602383 -0.175403485255 0.951671387033 2
208.15912.448 1.47992086943 0.900178659591 -0.0201496105357 0.925488418191 0.76053958415 0.751794049122 0.185193277053 0.834432650838 0.689159061278 0.993422643238 2
211.16249.191 0.938027498424 0.972787038067 -0.0121117254775 0.954354458862 1.62791352021 0.698027853699 0.314893165923 0.619829140758 -0.184888446215 0.985535422926 2
211.16301.73 0.171149890797 0.876866390744 -0.00915386967546 0.797869459307 3.09945811651 0.818866779582 0.397905196107 0.919054266797 -0.478070588235 0.90479678877 2
211.16419.222 0.889302902854 0.981779771657 -0.0120143698687 0.965412922497 1.1302270937 0.872520550111 0.160012848543 0.841354464337 0.419045189504 0.958888912065 2
211.16538.130 0.410707426193 0.894660799967 -0.00518945114213 0.699485565107 1.99422345309 0.719282432525 0.372828165908 0.827715172603 -0.363407874016 0.813144036466 2
211.16591.58 0.984350137483 0.972656542989 -0.010070829746 0.973764598535 1.88863834617 0.885035718117 0.223493141664 0.765313637223 1.04842816501 0.990231629943 2
211.16766.157 0.441164663946 0.48397625981 -0.0183336164457 0.751861150485 1.68008852256 0.511712949064 0.41778227435 0.418440699159 -0.465396135266 0.985420920006 2
211.16816.33 0.434168924909 0.959590560294 -0.010181156477 0.849963999263 2.86849864941 0.525661057428 0.397712014018 0.76847218582 -0.482849230769 0.986577128776 2
212.15675.121 0.334609164721 0.610185325908 -0.00843419581357 0.958982734151 4.27757910641 0.634571224051 0.398998869277 0.71019065431 -0.0539927007299 0.944038026266 2
212.15681.412 0.0921591983074 0.905556021421 -0.067366558526 0.883550531796 4.99649416 0.764021677393 0.381374518352 0.935304507991 0.387539787798 0.977605091351 2
212.15734.4938 0.277001012637 0.717993008206 -0.040410710361 0.912361930523 -1.70800439169 0.732423766994 0.337750955486 0.807583213606 0.666318062827 0.837328628223 2
212.15790.340 0.420401065814 0.759927194945 -0.00858744863501 0.898834953469 1.7306795925 0.661578918078 0.263488234473 0.714445466199 0.250749029754 0.887239652531 2
212.15843.58 0.191387703384 0.874679586253 -0.00830447069126 0.946853288589 -2.5604734594 0.660183797917 0.404493282834 0.858735985718 -0.338900937082 0.889982145751 2
212.15851.175 0.234895586167 0.951905829129 -0.00821249559305 0.924080004877 3.81845227207 0.677207983773 0.372824471053 0.938221306931 1.4774670571 0.628329771284 2
212.16020.57 0.0781852356862 0.891896250177 -0.00916387133496 0.469965210082 -2.27572661071 0.487700117573 0.423329187014 0.712241332798 -2.67987597911 0.648910483923 2
212.16071.186 0.695870255408 0.916389479648 -0.00867019920462 0.920153127917 -1.14275967245 0.867592813348 0.352117516753 0.888500194132 0.657578059072 0.828540943117 2
212.16076.102 0.476764353899 0.810255079609 -0.010125248065 0.942267681933 1.13853876969 0.588453750967 0.262850922799 0.751907609586 -1.03453763441 0.690020645825 2
212.16076.3964 1.27257000372 0.919997086834 -0.0157811499229 0.9646000839 0.218614982639 0.806343911941 0.143432795557 0.749219377104 -1.75780027933 0.915499300355 2
213.15561.115 0.157991952749 0.901070520202 -0.00731209060047 0.782511332516 0.273148075342 0.73138483512 0.39847800945 0.897175467266 -0.551911278195 0.624997918998 2
22.4873.3357 0.34016277776 0.941434854645 -0.00698031670665 0.870304340309 0.729298423193 0.760069081948 0.387915935405 0.801251284038 -1.09721854305 0.874573148656 2
24.2740.150 0.271511726052 0.692664579447 -0.0159228705841 0.643339969835 0.667949786607 0.601944459029 0.420802472689 0.579226002497 0.994191919192 0.735952134171 2
24.2741.38 0.746603073111 0.966516264718 -0.00460685365708 0.932362574708 1.71230902879 0.610177359753 0.303431323936 0.683627559689 -1.1581 0.872028542712 2
24.2853.51 0.151976365938 0.844528249597 -0.00979843577331 0.641606415445 0.7376656133 0.86011732308 0.433617797724 0.554334983281 -0.770024875622 0.784794674963 2
24.2854.74 0.39421077379 0.920754544811 -0.00799009247324 0.831841370827 1.28166397213 0.762087834636 0.354260239238 0.764876677965 -0.668301980198 0.906388423395 2
24.2854.92 0.136834354252 0.983329859515 -0.0103497916746 0.848306856258 2.84172178421 0.841531611231 0.42330878308 0.894814251116 0.193880794702 0.782522765099 2
24.2862.82 0.218697787883 0.869183082949 -0.0121025351506 0.877538736581 -0.0824621431447 0.700582486108 0.300733747681 0.778445297287 -0.215872427984 0.860508553359 2
24.3105.48 0.11725602364 0.955313112903 -0.00881569755305 0.882726060396 1.79079953431 0.834541761684 0.420416982535 0.917385636559 -0.59706514658 0.941060766351 2
5.4652.8060 0.274691574226 0.780385891855 -0.0125064432765 0.862311687258 2.63066822938 0.886638833208 0.384781692096 0.828691983737 0.0223733333333 0.910685573926 2
53.3362.75 1.18390274811 0.934576154285 -0.0120693202113 0.849980903212 1.15899325598 0.438689234419 0.325647507447 0.223005462266 -1.910025 0.767119860417 2
55.3367.61 0.323787089979 0.946148696174 -0.00783056267971 0.849549193534 0.285753544025 0.672387418208 0.415257834641 0.866051227441 -1.32146887967 0.684748072645 2
55.3488.113 1.23341987253 0.984625005234 -0.0123291922585 0.967988898136 0.139310368982 0.672480247898 0.229561033252 0.842810037951 -1.02884126984 0.714938657142 2
60.6984.54 1.85472567921 0.969181490374 -0.00460269473717 0.849464137846 0.511271203239 0.598823024258 0.136009870985 0.747848628269 0.641358585859 0.873260567209 2
60.6990.36 0.518169391981 0.944949275998 -0.00324468543232 0.91426017514 -0.632374860973 0.618930653538 0.325953567849 0.428004262845 -1.07318181818 0.863228435689 2
62.6636.1755 0.169894914598 0.932018791227 -0.00578337164718 0.862291422164 6.08461762445 0.501310297235 0.41021118118 0.88893107395 -0.529478632479 0.485308659383 2
62.6749.2315 0.283570662302 0.904609931446 -0.00727833301535 0.472641061604 0.535123132438 0.663062532604 0.425418042379 0.482528317798 -1.52051449275 0.659949703984 2
7.7180.314 0.638090090832 0.858880873769 -0.00966371440608 0.936047861987 -1.32049803331 0.873668476022 0.293796602169 0.846987459123 -0.0260859538784 0.848634698916 2
7.7662.182 0.601148671749 0.987034222734 -0.00780154782312 0.978867907823 0.612947655862 0.848174736975 0.259420275946 0.889361933176 -0.680157777778 0.839075709953 2
7.8387.210 0.877770316229 0.970591210919 -0.0141526222841 0.791943310323 0.0914573084119 0.716369507223 0.313364666808 0.755144797399 0.578718340611 0.941526196781 2
7.8389.147 0.351105278958 0.977574163789 -0.0238940144648 0.882840895044 0.879721769793 0.792462050384 0.309040750135 0.829093068888 -0.518146396396 0.9543599992 2
78.5860.310 0.187129994352 0.93042783268 -0.0180018498783 0.893293271072 -1.9748111545 0.785596345685 0.342977591033 0.946710042294 -0.352110281924 0.928660436082 2
78.6100.453 0.433174103612 0.960783162483 -0.0120539155131 0.836548173972 -0.660944266835 0.741657704309 0.344531615237 0.78886813174 -0.560025167785 0.830525641955 2
78.6342.306 1.29575741041 0.936113454923 -0.0149107915319 0.972140063314 -0.145548695086 0.731426560628 0.176784669514 0.794802797408 -1.14367100372 0.963343274437 2
78.6827.881 0.623334842017 0.98707174192 -0.0458095057101 0.94839822345 0.338616901509 0.743863238037 0.227224505802 0.80333950404 1.60570909091 0.93149883734 2
79.4655.4750 0.854075583777 0.982135170301 -0.0149288638073 0.965990849677 -0.0364212790598 0.953047968233 0.262406000971 0.970759393578 0.894771428571 0.903071637621 2
79.4656.3643 1.16985351933 0.900449979121 -0.0426886581976 0.95507977832 0.858261146998 0.727240878569 0.259915245408 0.879431427373 0.544836488812 0.947739866938 2
79.4772.148 0.411030054137 0.883360115213 -0.00693401697094 0.860693138414 1.65872085075 0.621857714133 0.402128942284 0.689628510471 -0.640600917431 0.858999049023 2
79.4898.216 0.588345627408 0.927231002284 -0.00805765409449 0.922973019784 1.43846208339 0.759967389396 0.360356573297 0.917494061609 -0.868558601134 0.803610514586 2
79.4900.413 0.550378264681 0.506462508564 -0.0150313407837 0.72772784481 -1.1500553995 0.836508519358 0.393356522217 0.60121769346 -0.089866088632 0.777753056474 2
79.5377.288 0.635349861416 0.795699219208 -0.00870992111542 0.814102423896 -2.90351112945 0.831017312781 0.353271098385 0.81076631373 0.628589189189 0.808975205844 2
80.6708.5218 0.890518379088 0.974778203162 -0.00788233452732 0.954573604881 0.441332573737 0.925639367903 0.22152984686 0.923260766302 -1.10901872659 0.942167060597 2
80.7071.3521 1.15165515401 0.972421553694 -0.0233139242015 0.981839490973 -0.585884919439 0.764500320263 0.216939725135 0.879545364303 1.85471948998 0.921308021068 2
81.8519.234 1.30949530315 0.918644341768 -0.0124499720797 0.985236923749 0.27421984866 0.816299342876 0.1552052379 0.651407990838 0.227760445682 0.868194943386 2
81.8520.155 0.294581320581 0.971517897007 -0.00928833515114 0.968890429492 2.04208074613 0.607524250576 0.390395015359 0.787652789698 -0.710457264957 0.946815825341 2
81.8756.399 0.926133624179 0.744481542038 -0.0154990478819 0.924893569853 -0.946561208293 0.518179943297 0.347557674925 0.589125408958 0.31817348378 0.788653881899 2
81.8884.125 0.443613734128 0.916106196069 -0.00731790380464 0.780340603097 1.63538097288 0.662407683985 0.315035513382 0.812135961282 -0.657477077364 0.763202726407 2
81.8885.145 0.670533156497 0.831365217516 -0.00625764105082 0.870450494258 0.030800195392 0.741619766922 0.315585934301 0.756800781563 -1.38586337209 0.757000937519 2
81.9361.377 0.239678166965 0.919312694867 -0.0434176385654 0.686440729335 1.23713838663 0.675363952539 0.425924935396 0.88507378008 1.06607464789 0.660939850441 2
81.9362.110 0.388605989533 0.924789637651 -0.0151999297774 0.768629517557 1.59602346674 0.534444068621 0.38091256595 0.763354019636 -0.472064327485 0.873700030827 2
9.4270.31 0.269406272552 0.870240228544 -0.00854359653113 0.830380730308 -1.52146985969 0.903331049333 0.368301871676 0.857450679069 -1.722297593 0.787540125561 2
9.4512.139 0.410301018728 0.929379513614 -0.00941846184229 0.950600874802 2.79200691933 0.662448356557 0.359553236539 0.700777750302 -0.167832679739 0.793123354036 2
9.4520.158 0.448281097979 0.908035029778 -0.00688626164528 0.742779212142 0.459303189918 0.66983973094 0.395033834646 0.695362244032 -1.94056265985 0.962812701641 2
1.3441.15 1.10260909915 0.967788957035 -0.0299150911505 0.995111984218 1.20789543547 0.934886097302 0.0648505648408 0.925289992113 -1.31463977486 0.990267927692 3
1.3441.45 2.30453407234 0.98020922548 -0.0283673297332 0.98422761132 -2.00112778162 0.934125632384 0.0342594606543 0.927334470575 0.226835365854 0.983537344239 3
1.3443.26 2.16191351867 0.992036511033 -0.018903292576 0.990168843705 0.0331027879448 0.945891166037 0.0416613333415 0.917909386326 0.0643541247485 0.986380908399 3
1.3443.30 2.07098818495 0.976862760893 -0.0196281303208 0.977289292289 -0.182532242398 0.925980962958 0.0289942210111 0.965622132171 0.0364983388704 0.986508219859 3
1.3447.36 1.91432192497 0.964174559747 -0.0285682032841 0.995561437265 -0.308361121286 0.968201931641 0.0295503236648 0.928984925622 1.80039550562 0.995783281222 3
1.3448.13 0.849348390183 0.989107872953 -0.0281312430184 0.988783123928 -1.39786801454 0.909367517277 0.0670013070086 0.905454087061 -1.59290114943 0.9868130802 3
1.3449.62 1.5477836854 0.982920922903 -0.0240586972359 0.985264808335 -0.356103861984 0.748733243665 0.0751893356336 0.781850366829 -0.0234323308271 0.971015202407 3
1.3451.33 1.66580734616 0.993368488387 -0.0255758180472 0.993686693844 1.38832734405 0.935817231233 0.0383815871205 0.938946810132 1.14539703704 0.935719974032 3
1.3451.9 1.81077583339 0.984633568334 -0.0214688826858 0.913616288895 -0.536841485149 0.744093865031 0.0599389861448 0.88870351779 1.15823517787 0.959368596683 3
1.3562.12 1.19098444892 0.969048234355 -0.0191393884529 0.995352099372 1.36132302403 0.879198511492 0.057482536151 0.914615442707 -0.357607806691 0.967001109256 3
1.3563.34 1.98453173253 0.948123869597 -0.0221278575244 0.96071255377 -0.315163697814 0.734183056102 0.0860706871722 0.715939562906 -0.31282745098 0.912101408979 3
1.3565.47 2.01762891463 0.973593337913 -0.0279296804136 0.985646681421 0.190313734345 0.827759221216 0.063618250056 0.81136681053 -0.368660305344 0.986203785026 3
1.3565.87 1.99752497696 0.971374756507 -0.0132462531877 0.997430495279 0.165615895432 0.948650360991 0.0628662979387 0.942022567459 -0.000654022988511 0.99564458234 3
1.3567.1010 2.0715786598 0.971126620821 -0.0251704166027 0.991454694932 -0.970941542834 0.830463898562 0.0364156824286 0.933136469525 1.2500737798 0.983666660956 3
1.3570.29 2.11313587275 0.965909516217 -0.0152286985943 0.995760093734 0.0527100471395 0.932984040659 0.0399668087969 0.962402479503 -0.20752154195 0.99184604813 3
1.3570.32 2.17224671511 0.975805714535 -0.0248990007458 0.990350869543 1.08738527816 0.889750882505 0.0305075030781 0.947824496152 0.677348758465 0.986224442007 3
1.3571.25 2.16579747726 0.98233704271 -0.00811423054986 0.990920496494 -0.611741150553 0.939771847455 0.0418251171768 0.930768517999 -0.173336363636 0.985350421039 3
1.3571.31 2.09430223813 0.983379596877 -0.0294576265337 0.995301220727 0.0345744574439 0.929990287604 0.0304621628062 0.925653725031 0.0315745920746 0.981361724303 3
1.3572.23 2.20218818405 0.9819543071 -0.0460918383445 0.993441926632 0.638530190661 0.897546298036 0.0370110496192 0.890296932975 0.585940451745 0.991610530546 3
1.3683.25 2.46452587902 0.980690385142 -0.0165041785803 0.982397967823 -2.56339029599 0.953517263665 0.0297879617587 0.887341527664 -0.162138211382 0.974315434039 3
1.3685.41 2.31982217508 0.884284003574 -0.0341726217691 0.963756194811 0.591619054721 0.963650224652 0.0491322404634 0.886948490646 2.24689387755 0.988797974641 3
1.3686.7 0.598017125949 0.995982970355 -0.0338515599611 0.98889122546 1.69207502031 0.965807037861 0.0564066558397 0.946367090332 -0.421813714286 0.979621997226 3
1.3689.21 0.885012249801 0.988405273803 -0.0147665743288 0.990856573943 0.589826476079 0.935444573785 0.0526652949354 0.923477506175 -0.517592134831 0.980652608454 3
1.3691.19 2.08671074994 0.964646769688 -0.0181440868329 0.997182042119 1.02202933843 0.950100985869 0.0396596793424 0.944812757789 -0.319113995485 0.995619400524 3
1.3691.32 2.08874053257 0.969987558889 -0.0168061953929 0.998459623707 0.428920475434 0.899796658459 0.0505900101009 0.946155817964 0.189580387685 0.970148151519 3
1.3691.37 2.01404294765 0.97533398262 -0.0222074953371 0.982526777218 1.81293783509 0.947920459808 0.0415893342169 0.883152865477 1.67697610922 0.990324901731 3
1.3692.16 0.788776651289 0.981273741883 -0.0309066201855 0.993441213197 -3.24194918029 0.918314314447 0.0479511806307 0.961028657985 0.163164785553 0.990007709598 3
1.3692.17 0.867693808754 0.982787677931 -0.0249661866833 0.990896445804 2.3888121358 0.970655550425 0.0400694024001 0.903712678957 -0.514523428571 0.992704633825 3
1.3693.11 1.97915193959 0.984190991057 -0.013994534986 0.994125345107 1.9707727127 0.928589627872 0.0479283000105 0.938889749513 -0.0206621118013 0.996794052459 3
1.3804.26 1.9864321211 0.955396148409 -0.0220290913224 0.990036557272 0.98529483121 0.951545230667 0.0315012781088 0.950895455881 -0.468368483412 0.981838092853 3
1.3805.47 2.03413888676 0.971312182686 -0.018978035033 0.984219047076 0.289242546998 0.936674028969 0.0432582164937 0.913282667616 0.384114619883 0.971176840821 3
1.3807.24 2.16765568951 0.982103992828 -0.0179169233245 0.996502539299 -1.56186606306 0.921667348528 0.0351711042618 0.947996319828 0.732370666667 0.990028142004 3
1.3808.12 1.24331747549 0.97200050451 -0.0240204416842 0.992718673317 -3.49876106651 0.955725263617 0.0426544515455 0.9103686559 1.06473573201 0.982730227491 3
1.3809.937 0.886404061375 0.995537405966 -0.0291689307127 0.98971735967 -3.16466332992 0.910082280333 0.0488256129916 0.961511086575 0.231305620609 0.992760541003 3
1.3809.938 1.59117864369 0.954616197777 -0.0156774759751 0.998358732138 -2.41339114685 0.911749241142 0.0269512282339 0.961497996532 0.984506571087 0.990317784809 3
1.3810.11 0.710796181556 0.997148813921 -0.0371648474639 0.986824381723 -1.87030612144 0.957213765252 0.0536646804035 0.956129052896 -0.401557471264 0.955428701504 3
1.3812.15 1.00547200294 0.983949082147 -0.0225659697845 0.991206632871 0.148378096767 0.95281038296 0.0471539017103 0.947385639566 -0.00291609977325 0.993795621387 3
1.3812.18 1.13014327201 0.975536953899 -0.0174207412543 0.993364649484 1.33173896219 0.943574429352 0.0579169845899 0.973932587829 0.65227752809 0.972223694456 3
1.3813.7 1.48548356145 0.932077806054 -0.0119851622759 0.989078905546 -1.67371607024 0.912378770769 0.0412622622421 0.956273627201 -1.04892892157 0.98466530244 3
1.3927.29 1.95052675213 0.972163557935 -0.034226832643 0.998248694966 -0.201732336943 0.970688496949 0.0232807500995 0.928658309335 0.0473832752613 0.996222025435 3
1.3927.46 2.07079317634 0.963524925849 -0.0253083262152 0.996436281863 0.347684907591 0.945448023297 0.027234253695 0.933570404638 0.0680057736721 0.993205647657 3
1.3927.58 2.01973000469 0.983637813296 -0.025707550236 0.997665965576 0.55751308804 0.919756051101 0.0417797374348 0.830089283141 0.903536165327 0.977687000232 3
1.3928.26 1.99007473094 0.97871219982 -0.0147260060904 0.991306839147 0.173802838776 0.956872143734 0.0522654604358 0.935482447438 -1.32985411141 0.989326260694 3
1.3929.107 2.11417514017 0.962960283889 -0.0343205425402 0.988762288188 -0.73803872322 0.959527344905 0.042443183713 0.961221383254 0.897238039673 0.982495047866 3
1.3933.64 1.94522395139 0.978953599976 -0.0223879749523 0.995524246106 0.983892844749 0.873554733916 0.0288845910787 0.929653373538 0.549064858491 0.987292181983 3
1.4046.1615 2.01773207338 0.976486171097 -0.0279208692734 0.995363805172 0.0904156163626 0.941479926564 0.0385094096484 0.933568117048 0.178679471789 0.989171171688 3
1.4047.1441 1.96187563368 0.986752509516 -0.037159621817 0.990546579815 -0.740800579468 0.928727133289 0.0261996584478 0.909527060387 -0.583682502897 0.98396580728 3
1.4048.28 1.97472598519 0.96634850967 -0.0107259242098 0.989154713617 0.0254002509145 0.910980790022 0.0289809680068 0.933330457627 2.23871234428 0.986883390951 3
1.4048.6 1.41440320823 0.982831456855 -0.0319385250505 0.995975555985 0.755910473721 0.960788004537 0.043345040754 0.90263629191 -1.14820072115 0.953415391264 3
1.4049.1534 2.11551898604 0.940682470626 -0.0198815464626 0.996313763735 0.372800589751 0.79860622753 0.0425266901423 0.967113535348 -0.795170035672 0.989095185648 3
1.4052.55 2.35011006902 0.968776689123 -0.0220411900829 0.977822803225 0.00558592450329 0.952971692284 0.0396549686045 0.907022270917 0.221605780347 0.983230460637 3
1.4053.53 2.08919701805 0.976454502655 -0.0152159450845 0.996313422304 -0.315513969235 0.954599800604 0.0853194656778 0.908830883436 2.24660069444 0.99427685123 3
1.4054.15 1.30245094272 0.995454118113 -0.0244733662959 0.994267317517 -0.230053578878 0.94118761666 0.0302489541763 0.915346569616 -0.420711051931 0.991917512166 3
1.4055.2227 1.9236462546 0.965172140844 -0.0285014503814 0.991661693361 -4.63559806328 0.924580245401 0.0343865680146 0.93888473682 0.123206744868 0.981490482343 3
1.4171.24 1.71923839907 0.977068517942 -0.0330563136614 0.996399180055 -2.72694661103 0.577948585367 0.0327902549503 0.910618970479 1.10139243499 0.981741316614 3
1.4175.14 1.64770607048 0.973249940632 -0.00978507059675 0.968471901357 0.251217817368 0.941727660777 0.0504669795473 0.949127021216 -1.11439733629 0.98002390834 3
1.4176.34 2.11591779801 0.972102695004 -0.0121716672827 0.977074936888 -0.26309895651 0.911459926611 0.0391869550256 0.924970681953 0.156006984866 0.994559305479 3
1.4289.25 1.74789882187 0.988741406261 -0.0229224701015 0.997637755937 0.0881939608565 0.939584143992 0.0523882382014 0.961705627812 0.276684684685 0.980426660408 3
1.4291.35 2.12659711407 0.978047283493 -0.0175237498783 0.998107877695 -0.00747039462437 0.955608473577 0.0444430940686 0.897782120502 0.24802453271 0.992361913323 3
1.4294.36 1.87198011521 0.9904327107 -0.0306377726141 0.993714891984 -0.187159463307 0.964285820409 0.0334168619034 0.958705659231 -0.503403207331 0.991760743696 3
1.4296.70 2.1597710355 0.936482177104 -0.0093927344293 0.958188929804 -0.0601301561945 0.928148666806 0.0686531070389 0.969322092816 0.713730684327 0.988366643972 3
1.4412.29 2.25108100513 0.932479520842 -0.0297116858811 0.991043716119 -0.300940533589 0.94986864889 0.0389524033699 0.884850234234 0.169902439024 0.987109204941 3
1.4414.42 2.17021521473 0.96966317922 -0.0175500495989 0.997653043246 -1.07542383759 0.916011600936 0.0444011272919 0.938408861557 -0.371234072022 0.945553598252 3
1.4415.55 2.10222372419 0.930118661729 -0.014008155465 0.99195569552 1.26693775092 0.838834431169 0.0503219917451 0.931109363632 1.16486810552 0.990767760319 3
1.4417.13 1.76324249669 0.982647240812 -0.0346631948677 0.993470876595 0.368336757864 0.964141579781 0.0342273736454 0.947740437293 -1.75263127854 0.994560061776 3
1.4531.168 1.54603312402 0.984356330054 -0.0856372629062 0.993641469805 -0.460459681053 0.854178815477 0.0927977373251 0.875648927993 1.35776863753 0.944320040487 3
1.4531.99 1.95830855428 0.977355894635 -0.0155063491465 0.986864065585 -0.196021624244 0.921421116646 0.0702096552738 0.907220102088 1.63581758242 0.978192499901 3
1.4532.66 2.02976680451 0.982380331265 -0.0269534208656 0.998280576755 -0.0176683702217 0.953586882096 0.0434405306392 0.9589014604 0.811507072905 0.995556431832 3
1.4534.23 1.76987350326 0.987215035794 -0.0102543943616 0.993822103434 -0.0864808950065 0.882185845228 0.0298994182454 0.937167786575 -0.284623463687 0.982816193889 3
1.4534.33 2.15236036251 0.982214788798 -0.0317542108696 0.998077496369 0.621919908525 0.938429401639 0.0321539368232 0.957611094628 0.37230372807 0.990024127111 3
1.4534.48 2.28956226643 0.983364184379 -0.0187296127988 0.991269953663 0.223650640092 0.913226269431 0.0720673187757 0.952430255667 0.0237944162436 0.986485928797 3
1.4539.77 2.00693488108 0.976189001149 -0.0315800327011 0.992233726034 -0.28363740015 0.890938894075 0.0443334596291 0.908552656105 0.239237931034 0.957474133101 3
1.4652.42 2.27814328677 0.9600213471 -0.017611308033 0.997912761727 -0.449968715645 0.813826495065 0.0359257795687 0.962319409043 0.268179120879 0.997472397195 3
1.4653.29 1.95909943841 0.993066058165 -0.0269401327016 0.994744103096 -0.786040242936 0.917791254239 0.0401861904164 0.94237451927 0.0788458864427 0.996082086922 3
1.4655.46 2.31304831508 0.973179507901 -0.0197750053637 0.948000061087 0.365897558127 0.659587821845 0.0465359141937 0.926153995622 0.459458333333 0.984740856622 3
1.4657.37 2.39570069864 0.979403726705 -0.0115550283019 0.971185568616 0.806395917996 0.929970645312 0.082334961871 0.899116334226 0.786761658031 0.983090016799 3
1.4659.63 2.32140785384 0.980158856526 -0.0346669233133 0.993326338615 -5.75467661334 0.874527260257 0.0601998283731 0.933356424284 1.30297421203 0.980137573585 3
2.4662.12 2.13836504734 0.96854661422 -0.0234460454195 0.991951991305 0.0218772307642 0.966893515114 0.0413395667581 0.916780313426 0.139834728033 0.989758705029 3
2.4785.21 2.36914048641 0.974917064593 -0.0301757709577 0.991848840076 -0.413653387558 0.95582277167 0.0405167349203 0.901024159958 -1.26068742656 0.9455731832 3
2.4788.82 2.25980237105 0.974336554149 -0.0182404844018 0.994170147562 -0.104383907864 0.924374625631 0.0307354637588 0.920251810442 1.01876700252 0.993325728893 3
2.4790.48 2.31044244169 0.94583901999 -0.0303539318645 0.995917813206 -1.39707143646 0.929348887453 0.023352145536 0.975375374384 1.38840731707 0.993421493253 3
2.5026.16 1.66895147829 0.96495238761 -0.0276666163455 0.993989455771 -2.25429151129 0.972831016525 0.0383471324739 0.900102094735 -0.233257281553 0.977644138373 3
2.5027.10 2.02260314546 0.985522257131 -0.0358059924196 0.99493815988 -1.20408852858 0.935887257732 0.0296747269888 0.928049300666 0.190724581725 0.993829009415 3
2.5144.4495 2.25795907461 0.990382691614 -0.0323939295673 0.988639239508 0.0873060482199 0.958597374448 0.0316990645279 0.949722519637 -1.58999873578 0.996962857237 3
2.5148.126 2.00546747494 0.989598658852 -0.0166801761445 0.730530408963 -0.573530392271 0.923110128405 0.0403072082129 0.942210425951 1.27753333333 0.971658938003 3
2.5148.29 2.35964416313 0.958852165686 -0.0314849919467 0.996360192805 -0.0346787924754 0.944817638853 0.0359993224073 0.925079298161 0.477074401009 0.988160510726 3
2.5265.3739 2.1585133579 0.972030399848 -0.032148472016 0.982521324605 -2.28161637007 0.817184319423 0.0513780474698 0.922480148287 0.143829590489 0.974232955424 3
2.5268.1302 2.4028532935 0.965426344296 -0.0399365660431 0.990335058018 -0.30548291393 0.959013240002 0.0355538765886 0.918917253145 -0.734864583333 0.988796181525 3
2.5268.1328 2.39827160811 0.938309336838 -0.0360025481125 0.955160789845 0.810415266114 0.903408635018 0.0440079961641 0.88451503275 1.3468960739 0.986276777575 3
2.5270.1994 2.22966343422 0.983782001896 -0.0308470457465 0.984267492866 -0.30269691349 0.920121841695 0.0523579496618 0.913068192891 0.0695418181818 0.986351262307 3
2.5386.4437 2.30638677217 0.974964901389 -0.0112211223324 0.982193582334 0.7665832791 0.915875712755 0.0532930980167 0.906571978742 0.39282754491 0.993629583491 3
2.5390.43 2.35085231222 0.968594811905 -0.0429807601469 0.996611004184 -0.854921244702 0.962627297961 0.0318154367406 0.958668288737 1.12378181818 0.992086977663 3
2.5509.20 2.17713166845 0.925990129333 -0.0142841115448 0.996054661914 -0.520192405751 0.964495395148 0.0504245028023 0.958166706291 -1.62869795427 0.983489923507 3
2.5510.52 1.58064314401 0.976680607965 -0.0176777125551 0.993886257513 0.326727054677 0.942780032954 0.0369273836919 0.955712868733 1.44024968632 0.988240678117 3
2.5628.4390 2.18214924319 0.965076154542 -0.0329085326393 0.995525294458 -0.309031872838 0.911632571221 0.0324441400363 0.886129526138 -0.524985312117 0.993378415858 3
2.5631.44 2.36696891508 0.979742370263 -0.0181618660216 0.994639468125 0.0727680161263 0.912723628542 0.0326117872467 0.957769260463 0.781772167488 0.986506422404 3
2.5750.1942 2.18897506937 0.982283121485 -0.0154094635594 0.932110571273 -0.0986903689216 0.951837729318 0.0357059562463 0.884028317225 0.107346368715 0.965794800191 3
2.5750.1943 2.26305538818 0.973424452916 -0.0258826625117 0.989552774512 -1.8787873918 0.951339372869 0.0623471304362 0.881793063614 0.108506970849 0.979152789403 3
2.5751.44 2.04719422185 0.984074770459 -0.0468690914591 0.992686942993 -0.945714802081 0.953943990161 0.0639014534091 0.868341294236 0.868559109875 0.980967544707 3
1.3325.93 1.55389291756 0.989024232716 -0.041381895531 0.991475787963 -0.0277829147576 0.858744965004 0.0700167256453 0.909315878668 1.47496815287 0.989721960331 4
1.3442.172 1.51180158733 0.964824586968 -0.0165876180081 0.97975699875 0.223397348349 0.841185996539 0.0458814578132 0.919772622979 -0.750466542751 0.986007263655 4
1.3442.233 1.90911093812 0.911078068126 -0.037275027645 0.977506594203 0.234718455097 0.857231644745 0.0765863506031 0.934757738159 -0.00846341463414 0.990733618058 4
1.3443.177 1.8999431831 0.979349046553 -0.00816795937816 0.979603959412 0.121688362979 0.953976729272 0.0510073841001 0.894276709799 -1.68190566038 0.986547445335 4
1.3444.1086 2.09630541357 0.986476601283 -0.0419270990208 0.960691969038 0.136902749294 0.894745197238 0.0401704041259 0.879980027692 -0.0611962616822 0.983382020536 4
1.3444.614 1.54143579926 0.974221458315 -0.0228913548121 0.989217400019 0.201884286285 0.854372207247 0.0449777108492 0.955929333986 -0.562489908257 0.979915130676 4
1.3444.880 1.78887075748 0.974308304937 -0.0233240291952 0.986379931156 -0.0242726148307 0.910259894387 0.0999099103093 0.899611854727 0.537720973783 0.991207973864 4
1.3445.320 1.79867485841 0.984461179599 -0.0102202989032 0.972350542999 0.212359563461 0.856720442912 0.0559413939778 0.910920538366 -1.0850246085 0.951144941516 4
1.3446.1407 2.03068145067 0.980124633013 -0.0176698342208 0.990003743314 -0.0110122192079 0.952133962487 0.0358570619048 0.868369528766 -0.462739606127 0.988119571367 4
1.3447.783 2.04506609728 0.988555559663 -0.0296309977215 0.995048716592 0.0884428106616 0.967398412288 0.046043881682 0.925094240302 0.865519101124 0.993489018257 4
1.3448.153 1.97526487698 0.990370599494 -0.00646274921633 0.993618458434 0.177840781278 0.923480070675 0.0453189602325 0.936130324617 -0.776782657658 0.995571575354 4
1.3448.294 2.01898555874 0.981198658191 -0.0122942938031 0.980954113965 0.227376261044 0.9671863108 0.0501763056383 0.934505260112 0.0494781105991 0.981746341021 4
1.3449.149 2.17759070908 0.985854058488 -0.0105795481176 0.992305990436 0.624889959812 0.958612038118 0.0397730431887 0.894678570923 1.51232420091 0.982668723432 4
1.3449.27 1.8937274818 0.924286342789 -0.0114118567655 0.98322996297 0.526788951186 0.951426354846 0.0668989149295 0.915535400619 -3.83805992509 0.991733990523 4
1.3449.948 1.97334700793 0.975429883192 -0.0394974129734 0.953048543957 0.441938001458 0.916773363942 0.059204228603 0.925096959417 2.87072727273 0.94141704572 4
1.3562.57 1.88697802988 0.988048727015 -0.011472122674 0.9777716219 -0.173722080984 0.917803897552 0.0716279488899 0.887648939903 -1.45561809045 0.90880659749 4
1.3564.163 1.98033424936 0.988883868973 -0.0083331595217 0.925558033269 0.124793392515 0.878188245252 0.0505911621474 0.910852834266 -1.6079292543 0.990086432723 4
1.3564.516 1.86924902606 0.966353887125 -0.0150551857692 0.969400552426 0.0384919824079 0.868001180743 0.0571071960682 0.841555071573 1.46719305019 0.985322452349 4
1.3565.99 1.99321602092 0.985173525894 -0.0107184485821 0.981744129642 0.210016310083 0.916976007417 0.0835396982734 0.91059776367 -2.64304597701 0.978046172805 4
1.3566.1669 2.17291433302 0.925527059926 -0.0744062949163 0.908547350849 0.628242211373 0.71263802151 0.0987796930655 0.572612183982 4.77843243243 0.970947582546 4
1.3566.24 1.8947033698 0.941880713319 -0.00435304081664 0.990459995532 0.659857013208 0.893939932406 0.105620400939 0.868114306758 -1.55388888889 0.957285654139 4
1.3566.63 1.92913630583 0.975074037295 -0.00789959019458 0.981173328765 0.072291440183 0.970532163188 0.0480286977889 0.952461277278 -1.71601791713 0.993045567884 4
1.3567.1118 1.85458319987 0.992845045465 -0.00786187149298 0.992814064355 0.107218537695 0.933147333972 0.0446669409368 0.852166457402 -0.454987058824 0.986326900628 4
1.3567.1136 1.92155825088 0.99123608311 -0.0136974981812 0.990505408205 0.0606470264896 0.959744232377 0.0389710925468 0.909185648024 -0.828235507246 0.980639541839 4
1.3567.1207 1.68936112011 0.990794075011 -0.0146570720943 0.975210750462 0.044148844782 0.948070654944 0.0472977845597 0.939328686787 -0.0952607223476 0.9735352799 4
1.3568.288 2.04796139509 0.986869211724 -0.00795268845892 0.985716374385 0.141189056332 0.956815255068 0.0551589723607 0.924372944837 -0.50990443686 0.986819721542 4
1.3568.297 2.18756838148 0.983309451548 -0.0173323385577 0.994254129929 0.0988184623581 0.93024912249 0.0548086498505 0.930983881327 -1.68103990878 0.979745856641 4
1.3569.1182 1.92184870112 0.99170127412 -0.056380084436 0.797022089208 -0.0191214912526 0.943585936788 0.0476914821015 0.93338310602 2.93346643519 0.985341920604 4
1.3569.71 1.78672176704 0.988477260145 -0.0080419027804 0.978459918294 0.196803035118 0.972632841836 0.0478425616799 0.95105879376 -0.198972789116 0.990469348947 4
1.3571.131 1.85049929572 0.9647663356 -0.00550153204021 0.988431548997 0.103560880254 0.859231180453 0.0682334069108 0.975360331829 -2.18484518349 0.984594953114 4
1.3571.1323 1.95708843262 0.992399479843 -0.0298309987215 0.977682095491 0.120528349034 0.787742586582 0.039883883728 0.930752817766 0.0177885714286 0.993806605449 4
1.3571.598 1.75730285273 0.964300799665 -0.0441624390108 0.983938869915 0.183066917493 0.8944549386 0.0332022769514 0.884344174208 1.42690095238 0.992199823313 4
1.3684.237 1.82111883925 0.969806419505 -0.0152137309771 0.989218059774 0.603287050193 0.953446529503 0.0573642483929 0.973663677986 -0.580478603604 0.962377308551 4
1.3684.265 2.10436953655 0.990904979267 -0.0445000965655 0.981574532477 0.295877439102 0.964569638197 0.0512483660386 0.854407039462 0.640386538462 0.979580412471 4
1.3685.92 2.08631803447 0.970473079847 -0.0115925366955 0.966888570194 0.114609528238 0.885740886625 0.0774454656738 0.901015244242 -2.69584026258 0.983714049754 4
1.3687.1568 1.92971598999 0.961278374749 -0.0618144764875 0.940446657659 0.223454158584 0.933890073037 0.0701934512327 0.888860622529 1.95786282306 0.97570631066 4
1.3687.193 2.04790383677 0.960387447515 -0.0149362333302 0.971152324381 0.0238327779241 0.851274438912 0.0680231464915 0.909298850698 -1.73975771971 0.989078419125 4
1.3687.887 1.92741970776 0.987830435749 -0.0372713327731 0.980595831563 0.0416914945526 0.917143574074 0.0658952089303 0.959546902339 1.60398823529 0.976388984404 4
1.3688.1073 2.15434655377 0.98615040219 -0.00783564371838 0.977464450187 0.0527968493794 0.913156355186 0.063652883771 0.926809692303 -0.720323795181 0.986831313169 4
1.3688.1093 1.79808866541 0.989952333636 -0.00545882602103 0.96129486579 0.795139803063 0.971683455052 0.0656564369968 0.896987619916 1.2376446281 0.992423810419 4
1.3690.31 1.9852968789 0.985617928929 -0.0124959094298 0.987091942413 0.814709154927 0.952733560884 0.0371404050211 0.943848257364 -2.31741184041 0.992611414351 4
1.3691.210 2.07952385851 0.983787737381 -0.0130460283361 0.972874632149 0.361152471999 0.846164800168 0.0336878516579 0.90896607905 -1.36409411765 0.990558909497 4
1.3692.337 1.90721143618 0.984698513362 -0.0139268503126 0.952692827373 0.369397767432 0.965284699 0.0279920914324 0.968613618758 1.25154131737 0.987644369446 4
1.3692.66 2.18937991836 0.994226659126 -0.0161534526903 0.994318535275 0.294411570293 0.971779345623 0.07726161386 0.827037824615 -1.1347756654 0.995278375435 4
1.3804.164 1.91929292997 0.979693358286 -0.0118377761429 0.970671247975 0.0383306455541 0.942512245622 0.0500852072385 0.926659589647 -2.32712389381 0.96369694014 4
1.3804.2476 1.99371913542 0.984938041038 -0.0448129354484 0.964546079394 0.139196457565 0.938154367847 0.0611786657849 0.957831670864 1.52117422434 0.973912449845 4
1.3805.176 1.87959849284 0.958413600659 -0.00743467824397 0.986195779679 0.252097459519 0.972934958655 0.0584580186258 0.939746743111 -2.77781995413 0.993154729549 4
1.3805.2115 2.06918912176 0.938299770037 -0.0493872818142 0.96470016214 0.0650095005083 0.883989534888 0.0396429943833 0.934757417044 1.88070790378 0.977529318195 4
1.3805.213 2.18285915362 0.990624891971 -0.021548244309 0.995214173023 -0.059909828093 0.956886656801 0.0326881944041 0.951851701983 -0.873250561798 0.993345662804 4
1.3806.317 1.97628917256 0.964985643527 -0.0118818992253 0.909529867872 0.0941462710382 0.958937058297 0.0561999495412 0.890497519676 -0.79767877412 0.955060068474 4
1.3806.699 2.06813358276 0.984527243849 -0.0240135349704 0.976513298282 0.00885556577903 0.869980725898 0.0491519180011 0.8721331506 -1.03884641638 0.984790292217 4
1.3807.1436 1.96048215526 0.987300685841 -0.0458966273204 0.982340480498 -0.017592104758 0.962192417107 0.0445436804947 0.944676692024 3.28761975309 0.988909622401 4
1.3807.48 2.0631891457 0.9897179133 -0.00976654758783 0.995125634914 0.662617824163 0.871373066909 0.044835548519 0.944708753288 -0.734682481752 0.994766092101 4
1.3808.91 2.11383860387 0.961955358669 -0.0143243503936 0.99344771136 -0.135227975093 0.929898769121 0.0528544025152 0.954109922308 -0.774326607818 0.977072296354 4
1.3809.1058 1.31687226733 0.97926596284 -0.0134755917971 0.971799936539 -0.297968813577 0.875584721884 0.08571994394 0.951121409489 -0.310709150327 0.95848066588 4
1.3809.1208 2.00952417207 0.995888970622 -0.0106496458824 0.965063034837 0.158396075297 0.887239670217 0.0586418297062 0.917380497673 -0.702146853147 0.974418212183 4
1.3809.1351 1.91923082372 0.989359747385 -0.0134226842641 0.983224923006 0.074864763248 0.853288914274 0.065006354407 0.915834980327 -1.71921377672 0.965797002272 4
1.3809.2710 1.85427347139 0.989680697876 -0.145638716921 0.970276355007 -0.0273143444426 0.909508152838 0.0524307976464 0.966799612398 1.39625578406 0.987672621512 4
1.3810.1131 1.69694898497 0.980661391189 -0.0454495525127 0.96296172684 0.0656904794834 0.84846945667 0.0650146888974 0.968727054616 4.91708476518 0.994436983276 4
1.3810.19 0.412522828827 0.991789777329 -0.013296111851 0.993078170759 0.0931732313527 0.905527357618 0.0599656570984 0.944958166396 -5.42748604061 0.947389436525 4
1.3810.2163 1.88527543331 0.99444869531 -0.0991030141495 0.989009847018 0.0431938125877 0.913820268761 0.0643224155023 0.837564414116 2.55249869452 0.977824330465 4
1.3811.138 1.90605636996 0.980399459253 -0.00433174320148 0.996637708517 0.0255859669567 0.917351419545 0.0994807390616 0.912390733378 -0.704133333333 0.977832501575 4
1.3811.175 2.07339344865 0.968973172028 -0.0190062825208 0.993121673564 0.0867951880013 0.893804980344 0.0508399573219 0.921230501295 -2.49582269504 0.987775128775 4
1.3813.1263 1.43141214401 0.983480719079 -0.0375183860232 0.957599070391 0.159915569702 0.928434201904 0.0658077367889 0.955275218308 2.70171676301 0.986342293327 4
1.3813.52 1.90772752783 0.987733083511 -0.00575227425543 0.990297519131 0.212305087263 0.946726546169 0.0323510684424 0.913939067405 -2.2912237927 0.988285159864 4
1.3814.139 1.86994041631 0.932571066879 -0.041206416054 0.958878644443 0.00650142189918 0.908894003519 0.0330761077111 0.926070335715 -0.380789536266 0.966015339998 4
1.3924.64 2.0095214376 0.938447800441 -0.0214818282595 0.991422456626 0.109729344603 0.961752318462 0.0322836242586 0.939118815414 -0.866634939759 0.97746786829 4
1.3925.1293 1.97172494433 0.975082982085 -0.0181882101925 0.975985869086 0.154388830674 0.858256731296 0.029000702037 0.920276140874 -1.28719852941 0.989877099518 4
1.3925.2038 2.0675541093 0.98979842954 -0.0534384479347 0.988345142359 0.0800179863056 0.920670445834 0.0361847735058 0.951887939944 1.55162366864 0.991634741214 4
1.3926.365 1.97561556749 0.979133541333 -0.00903667564291 0.986338893234 0.043002721578 0.964442180136 0.0531973124202 0.858653685278 -1.30692929293 0.990213591655 4
1.3927.1187 1.93522373091 0.983060721489 -0.035477353248 0.976823576531 0.158431630495 0.955076593072 0.0471437200945 0.93603106987 -0.601134939759 0.990003154073 4
1.3928.1750 1.87106889004 0.985753917392 -0.0718574105378 0.982801028782 0.284998365738 0.960887917402 0.0465830783932 0.962034241818 1.14271462545 0.93838322491 4
1.3928.463 1.95168865338 0.978785798662 -0.0201117465867 0.971380939709 0.0803522369639 0.852253530796 0.024253364667 0.91860164884 0.244146002317 0.99183476807 4
1.3929.247 1.86987795505 0.941565815833 -0.0178925816797 0.931527022459 0.152541167171 0.857041556269 0.0621229171187 0.858029328091 -0.208163763066 0.992087838544 4
1.3929.255 2.06382665993 0.978721738341 -0.0116240891694 0.872075020034 0.0264389444448 0.925207692404 0.0318493792464 0.953824917194 -0.076418344519 0.979098428334 4
1.3930.1050 2.0468141048 0.98331135881 -0.0163737073959 0.985921488119 0.125555147771 0.867578973509 0.0475040117754 0.960191906327 -0.710377030162 0.976554354562 4
1.3930.1143 2.06481116085 0.986445269292 -0.0120314817833 0.968523492874 0.0803519603418 0.922230965138 0.047336310177 0.938840433547 -1.62624137931 0.966459235362 4
1.3930.1846 1.94494255957 0.98945952711 -0.0258483594784 0.948184071889 0.163606241779 0.964767407666 0.0588373480346 0.858582095668 2.57652365591 0.950230606972 4
1.3930.962 1.45482344006 0.96959407031 -0.0221731322942 0.993112038699 0.179966045559 0.947249505062 0.0532083277174 0.963802708815 -1.02118599562 0.985865661089 4
1.3931.127 2.07579400007 0.969072318276 -0.00674002439579 0.986613296143 0.151393097148 0.939643737389 0.0416503503211 0.937752840261 -0.424946882217 0.985486049496 4
1.3931.146 2.0662741389 0.966690996651 -0.00540739868835 0.996616902409 0.345962324908 0.931372169682 0.0501959614871 0.967453188206 -0.0371616052061 0.980955856779 4
1.3931.98 1.61907698889 0.990719261076 -0.00866152803271 0.972062672783 0.604453131239 0.962890515124 0.0421778037447 0.952924110709 -0.606054083885 0.968381628998 4
1.3932.110 2.05855386368 0.979498093809 -0.0102054290895 0.988834915959 0.322300751256 0.943694158158 0.0622718465367 0.858859751351 -1.83627394209 0.985794316996 4
1.3932.557 1.16679864255 0.986291607953 -0.0249724253185 0.991362842599 0.0661241370359 0.932556075096 0.0557580354716 0.958229114947 0.543028070175 0.994863941983 4
1.3933.329 2.08344009311 0.973048539598 -0.0128087416599 0.98327509772 0.117838697921 0.935739992836 0.042535568159 0.913216757062 -0.952115212528 0.991354802479 4
1.3934.683 2.00477380681 0.986135507684 -0.0208727516409 0.957883594345 0.123742263993 0.905278944404 0.0521073321272 0.950652116342 -0.982806192661 0.982130480864 4
1.4046.2388 2.07730567505 0.989261634321 -0.0355528071573 0.984592485123 0.0228766938118 0.955522050369 0.0301296176065 0.849753269272 -0.251383292383 0.955552833622 4
1.4047.2469 2.01161904831 0.989791272828 -0.0747927366458 0.973182616273 -0.00455986928593 0.968995421316 0.0627097111549 0.956963529583 0.288182151589 0.964255231836 4
1.4047.536 1.78300709148 0.959670232516 -0.0398670185388 0.985247394244 0.283031548086 0.822549353216 0.051354680159 0.935633018465 3.00632458234 0.995087874378 4
1.4048.1635 1.81163290504 0.991391706244 -0.0269260921667 0.995745142462 0.610143415563 0.949257280795 0.0444622844481 0.929516749896 -1.389828125 0.983510251731 4
1.4049.169 2.03168078789 0.989498063523 -0.0111393718823 0.919596545931 0.310903454559 0.949197077052 0.0467370570888 0.932516893944 -1.37440379747 0.987180540528 4
1.4049.1986 1.85446250431 0.926278332393 -0.0558102946396 0.980645665433 0.336230781788 0.748765435396 0.104840108529 0.71422628998 1.21579577465 0.985521855119 4
1.4050.107 2.21078568083 0.978912485736 -0.0169500284697 0.989738391254 0.838036633564 0.903154666804 0.0361239743945 0.845808896279 0.681055248619 0.988199366194 4
1.4050.1680 2.01580195734 0.99363800996 -0.0283050234422 0.989478704857 0.594696664018 0.969331793853 0.0289268975939 0.93409019892 -1.05683119907 0.994363556412 4
1.4051.2318 1.80651142274 0.969064244906 -0.0116509723387 0.847681203699 0.252873950879 0.975341762666 0.0669832791871 0.945581834828 -1.22430813953 0.909692065275 4
1.4051.445 1.98930273522 0.953754887851 -0.0116831373425 0.757397656087 -0.0235812878762 0.977526247566 0.0308984992979 0.947398121676 -0.613822033898 0.97730076598 4
1.4051.479 1.67577209837 0.983352833401 -0.0422792297369 0.98155159502 0.371157699242 0.807893377889 0.0374507307864 0.875663409755 1.96864530892 0.976722436224 4
1.4052.2379 1.87677894394 0.975411259568 -0.0108699353301 0.97041850507 0.230416218283 0.835191726913 0.0484408621825 0.931900916201 -1.93231879195 0.983710929661 4
1.4052.2486 2.0535684899 0.988981689777 -0.0109971286231 0.98519489784 0.226884154485 0.957564830006 0.0383177717865 0.954193873632 -0.706019300362 0.968246606006 4
1.4052.379 2.00744002629 0.973817662023 -0.0240041949859 0.926247119121 0.196426914246 0.932532895362 0.0438829295518 0.91815592894 0.270209302326 0.984617602613 4
1.4053.146 2.09358133589 0.987571369725 -0.0194797555906 0.858034547453 0.126836605805 0.956602716545 0.0492311483884 0.961445411845 -0.714905162065 0.991091463468 4
1.4053.197 1.89828348105 0.993327760683 -0.0177375297973 0.970755906145 0.306511172128 0.915052274543 0.0361750773198 0.934468269421 -0.525684796045 0.972172154313 4
1.4053.208 2.05277270828 0.976848421048 -0.0316036386326 0.951746905718 0.243718045302 0.939782433873 0.0678824974504 0.852250623663 -0.740602853746 0.969150334707 4
1.4053.255 1.96786114284 0.989504714888 -0.0309981537251 0.870538717524 0.193939661284 0.911799771235 0.0395803062499 0.930751437755 -0.726535844471 0.97064306059 4
1.4054.2524 1.97591762195 0.984290759212 -0.0399442655315 0.987768150057 0.315728820719 0.954847999097 0.0412637109794 0.899126572891 1.05778481013 0.990288227727 4
1.4055.98 1.22982160429 0.988876845837 -0.0307526543964 0.986581694597 0.379754283242 0.954516124303 0.0775882014932 0.938980544998 -1.23631197098 0.974314075053 4
1.4056.186 1.88185278561 0.970365860027 -0.0217866817081 0.985052085236 0.00901990888863 0.956721255025 0.0589843982627 0.862220304433 -1.02610399033 0.947427600638 4
1.4168.1754 2.13251913008 0.958645965813 -0.0408893880567 0.993566278217 0.184278908211 0.912608151933 0.0404602051052 0.924400170679 1.57895428571 0.993640791627 4
1.4168.192 2.06222084131 0.984533366747 -0.00773344847205 0.979327802834 0.101946688658 0.879792393517 0.0440192482739 0.936506399707 -1.13966552511 0.977798429177 4
1.4168.409 1.82384334616 0.99001192843 -0.00842454848398 0.974768954544 0.0446099284679 0.876229954124 0.128825968857 0.868736380011 -0.521526797386 0.964851111473 4
1.4168.434 1.05568509053 0.984247444232 -0.0392728562236 0.987599128776 0.00548822606551 0.94272896728 0.0502374586618 0.924013915475 -0.0210176767677 0.967247819174 4
1.4170.1016 2.14291106557 0.966425012072 -0.0206247623355 0.971424357912 0.124353417735 0.96084303586 0.0651597518073 0.912507980253 0.696313348416 0.966860788023 4
1.4170.316 2.036162656 0.966840710025 -0.0193774514497 0.989710262139 0.0320980830909 0.920142998473 0.0493568522666 0.929741494627 -0.640282681564 0.986054942905 4
